UTCDateTime,mac_address,firmware_ver,hardware,current_temp_f,current_humidity,current_dewpoint_f,pressure,adc,mem,rssi,uptime,pm1_0_cf_1,pm2_5_cf_1,pm10_0_cf_1,pm1_0_atm,pm2_5_atm,pm10_0_atm,pm2.5_aqi_cf_1,pm2.5_aqi_atm,p_0_3_um,p_0_5_um,p_1_0_um,p_2_5_um,p_5_0_um,p_10_0_um,pm1_0_cf_1_b,pm2_5_cf_1_b,pm10_0_cf_1_b,pm1_0_atm_b,pm2_5_atm_b,pm10_0_atm_b,pm2.5_aqi_cf_1_b,pm2.5_aqi_atm_b,p_0_3_um_b,p_0_5_um_b,p_1_0_um_b,p_2_5_um_b,p_5_0_um_b,p_10_0_um_b,gas
2023/07/24T00:01:08z,a8:48:fa:ca:a1:15,7.02,2.0+OPENLOG+15980 MB+DS3231+BME280+PMSX003-B+PMSX003-A,92,56,74,993.76,0.02,18072,-73,127837,19.48,27.48,30.44,19.13,27.48,30.44,84,84,3254.83,942.22,190.91,12.81,1.78,1.56,17.25,24.71,31.16,17.25,24.71,31.16,78,78,3045.49,843.22,166.05,19.78,9.31,3.42
2023/07/24T00:03:05z,a8:48:fa:ca:a1:15,7.02,2.0+OPENLOG+15980 MB+DS3231+BME280+PMSX003-B+PMSX003-A,92,56,74,993.69,0.02,18072,-73,127954,19.02,26.09,26.81,18.89,26.09,26.81,81,81,3175.98,919.30,171.13,5.92,0.94,0.42,17.75,24.60,30.53,17.75,24.60,30.53,78,78,3114.47,858.47,160.89,16.21,8.70,2.11
2023/07/24T00:05:05z,a8:48:fa:ca:a1:15,7.02,2.0+OPENLOG+15980 MB+DS3231+BME280+PMSX003-B+PMSX003-A,92,56,74,993.64,0.02,18072,-73,128074,19.78,27.38,31.04,19.36,27.26,31.04,84,84,3320.94,975.82,195.36,15.92,1.04,0.16,19.00,26.14,30.98,18.86,26.14,30.98,81,81,3307.71,912.62,165.89,13.89,8.07,1.57
2023/07/24T00:07:05z,a8:48:fa:ca:a1:15,7.02,2.0+OPENLOG+15980 MB+DS3231+BME280+PMSX003-B+PMSX003-A,92,56,74,993.71,0.02,18072,-73,128194,21.38,29.50,31.85,20.54,29.15,31.85,88,88,3504.17,1017.56,194.27,10.88,1.58,1.50,19.56,26.18,32.04,19.49,26.18,32.04,81,81,3341.13,927.33,156.31,16.65,9.05,1.64
2023/07/24T00:09:05z,a8:48:fa:ca:a1:15,7.02,2.0+OPENLOG+15980 MB+DS3231+BME280+PMSX003-B+PMSX003-A,92,56,74,993.71,0.02,18072,-73,128314,22.50,30.94,36.76,21.37,30.26,36.76,91,90,3582.50,1053.07,222.15,22.04,1.59,1.41,20.20,27.31,32.73,19.76,27.27,32.73,84,84,3506.45,960.11,167.55,16.15,7.13,1.42
2023/07/24T00:11:05z,a8:48:fa:ca:a1:15,7.02,2.0+OPENLOG+15980 MB+DS3231+BME280+PMSX003-B+PMSX003-A,92,56,74,993.66,0.02,18072,-73,128434,22.43,30.63,34.76,21.33,30.17,34.76,91,90,3596.22,1037.67,210.00,18.93,1.89,1.30,20.79,28.19,31.89,20.11,28.16,31.89,85,85,3587.26,985.61,163.54,13.61,5.26,2.00
2023/07/24T00:13:05z,a8:48:fa:ca:a1:15,7.02,2.0+OPENLOG+15980 MB+DS3231+BME280+PMSX003-B+PMSX003-A,92,56,74,993.67,0.02,18072,-72,128554,22.31,30.39,35.37,21.14,29.92,35.37,90,89,3643.10,1052.43,214.33,19.76,0.94,0.53,20.74,29.74,38.74,20.00,29.49,38.72,89,88,3593.42,1000.07,186.47,27.16,13.93,2.95
2023/07/24T00:15:05z,a8:48:fa:ca:a1:15,7.02,2.0+OPENLOG+15980 MB+DS3231+BME280+PMSX003-B+PMSX003-A,92,56,74,993.70,0.02,18072,-72,128674,21.52,30.38,35.88,20.54,29.70,35.88,90,89,3638.16,1052.80,210.78,21.40,3.64,2.32,21.68,29.97,37.61,20.75,29.53,37.59,89,88,3713.08,1023.97,188.64,23.69,12.27,2.58
2023/07/24T00:17:05z,a8:48:fa:ca:a1:15,7.02,2.0+OPENLOG+15980 MB+DS3231+BME280+PMSX003-B+PMSX003-A,92,56,74,993.71,0.02,18072,-72,128794,22.73,30.27,33.53,21.38,29.82,33.53,90,89,3687.38,1051.93,208.11,13.89,1.42,0.95,22.20,30.22,35.52,21.15,29.91,35.52,90,89,3773.06,1040.17,180.39,18.78,7.89,2.11
2023/07/24T00:19:05z,a8:48:fa:ca:a1:15,7.02,2.0+OPENLOG+15980 MB+DS3231+BME280+PMSX003-B+PMSX003-A,92,56,74,993.68,0.02,18072,-72,128914,23.00,31.92,37.62,21.55,30.89,37.62,93,91,3816.45,1103.36,234.30,23.28,1.17,0.64,20.86,28.27,33.21,20.20,28.20,33.21,86,86,3639.96,992.91,185.07,14.32,7.04,1.11
2023/07/24T00:21:05z,a8:48:fa:ca:a1:15,7.02,2.0+OPENLOG+15980 MB+DS3231+BME280+PMSX003-B+PMSX003-A,92,56,74,993.66,0.02,18072,-72,129034,23.24,32.39,37.73,21.78,31.22,37.73,94,92,3774.47,1093.78,235.43,17.49,4.00,2.55,21.67,28.96,33.25,20.88,28.82,33.25,87,87,3766.79,1031.58,170.98,15.16,6.04,1.05
2023/07/24T00:23:05z,a8:48:fa:ca:a1:15,7.02,2.0+OPENLOG+15980 MB+DS3231+BME280+PMSX003-B+PMSX003-A,92,56,74,993.64,0.02,18072,-72,129154,22.90,31.46,35.62,21.38,30.36,35.62,92,90,3816.66,1107.92,210.64,16.04,1.52,1.20,23.04,30.89,37.42,21.61,30.28,37.42,91,90,3943.00,1092.11,181.95,17.54,9.58,2.39
2023/07/24T00:25:05z,a8:48:fa:ca:a1:15,7.02,2.0+OPENLOG+15980 MB+DS3231+BME280+PMSX003-B+PMSX003-A,92,56,74,993.64,0.02,18072,-72,129274,24.21,32.83,36.58,22.19,31.23,36.58,95,92,3940.15,1139.02,223.27,13.23,3.46,2.31,23.09,31.54,40.07,21.70,30.78,39.81,93,91,3968.83,1093.17,197.28,23.89,12.85,1.70
2023/07/24T00:27:05z,a8:48:fa:ca:a1:15,7.02,2.0+OPENLOG+15980 MB+DS3231+BME280+PMSX003-B+PMSX003-A,92,56,74,993.64,0.02,18072,-72,129394,22.93,30.89,33.32,21.41,30.12,33.32,91,90,3751.50,1078.14,195.98,11.64,2.86,2.46,22.82,30.36,39.24,21.62,29.89,38.96,90,89,3861.33,1079.80,177.65,23.53,13.20,3.75
2023/07/24T00:29:05z,a8:48:fa:ca:a1:15,7.02,2.0+OPENLOG+15980 MB+DS3231+BME280+PMSX003-B+PMSX003-A,92,56,74,993.67,0.02,18072,-72,129514,23.83,33.00,36.00,21.92,31.60,35.94,96,93,3824.13,1119.54,217.90,17.54,1.04,0.50,22.31,30.29,36.64,21.22,29.81,36.58,90,89,3833.14,1057.32,185.63,17.59,10.20,2.24
2023/07/24T00:31:05z,a8:48:fa:ca:a1:15,7.02,2.0+OPENLOG+15980 MB+DS3231+BME280+PMSX003-B+PMSX003-A,92,56,74,993.69,0.02,18072,-72,129634,23.49,32.91,36.62,21.78,31.49,36.62,96,93,3900.38,1130.05,224.31,17.85,1.56,1.09,23.95,32.05,41.17,22.13,31.03,41.12,94,92,4057.45,1125.25,195.78,24.00,15.57,2.03
2023/07/24T00:33:05z,a8:48:fa:ca:a1:15,7.02,2.0+OPENLOG+15980 MB+DS3231+BME280+PMSX003-B+PMSX003-A,92,56,74,993.70,0.02,18072,-72,129754,25.00,33.56,39.35,22.63,31.83,39.31,97,93,4005.98,1162.10,220.19,22.81,3.00,1.96,23.93,32.59,41.96,22.29,31.25,41.50,95,92,4090.39,1130.68,203.75,25.79,13.61,4.07
2023/07/24T00:35:05z,a8:48:fa:ca:a1:15,7.02,2.0+OPENLOG+15980 MB+DS3231+BME280+PMSX003-B+PMSX003-A,92,56,74,993.66,0.02,18072,-72,129874,24.22,33.51,39.02,22.18,31.76,38.96,97,93,3994.71,1161.55,226.18,22.20,2.86,0.78,22.75,30.79,35.14,21.57,30.18,35.12,91,90,3870.21,1062.16,189.27,16.82,6.29,0.93
2023/07/24T00:37:05z,a8:48:fa:ca:a1:15,7.02,2.0+OPENLOG+15980 MB+DS3231+BME280+PMSX003-B+PMSX003-A,92,56,74,993.66,0.02,18072,-72,129994,24.74,34.43,40.02,22.34,32.21,39.89,99,94,4034.38,1182.17,230.51,23.11,2.91,1.92,23.16,30.84,34.47,21.72,30.21,34.45,91,90,3944.90,1084.95,177.79,12.90,5.66,1.66
2023/07/24T00:39:05z,a8:48:fa:ca:a1:15,7.02,2.0+OPENLOG+15980 MB+DS3231+BME280+PMSX003-B+PMSX003-A,92,56,74,993.66,0.02,18072,-72,130114,25.04,33.46,37.83,22.73,31.85,37.83,97,93,4046.08,1171.50,228.60,16.19,2.58,1.35,22.16,30.25,37.75,21.11,29.68,37.62,90,89,3892.23,1056.59,189.18,19.61,12.07,2.14
2023/07/24T00:41:05z,a8:48:fa:ca:a1:15,7.02,2.0+OPENLOG+15980 MB+DS3231+BME280+PMSX003-B+PMSX003-A,92,56,74,993.69,0.02,18072,-72,130234,23.79,32.38,34.90,21.92,31.13,34.88,94,92,3907.79,1120.35,208.29,13.81,1.42,0.58,22.86,30.64,38.00,21.57,30.09,38.00,91,90,3922.34,1084.64,192.86,20.89,11.89,1.32
2023/07/24T00:43:05z,a8:48:fa:ca:a1:15,7.02,2.0+OPENLOG+15980 MB+DS3231+BME280+PMSX003-B+PMSX003-A,92,56,74,993.81,0.02,18072,-71,130354,25.02,34.58,37.76,22.62,32.36,37.73,99,94,4014.11,1157.76,222.98,16.33,2.25,2.11,23.24,31.24,38.56,21.91,30.50,38.56,92,90,3931.28,1084.26,197.19,21.85,11.00,2.04
2023/07/24T00:45:05z,a8:48:fa:ca:a1:15,7.02,2.0+OPENLOG+15980 MB+DS3231+BME280+PMSX003-B+PMSX003-A,92,56,74,993.85,0.02,18072,-72,130474,24.02,34.14,38.67,22.14,32.07,38.67,98,94,3975.36,1161.66,228.45,23.69,1.59,1.17,23.82,31.27,37.18,22.20,30.44,37.13,92,90,4013.02,1104.05,190.11,18.25,8.73,1.78
2023/07/24T00:47:06z,a8:48:fa:ca:a1:15,7.02,2.0+OPENLOG+15980 MB+DS3231+BME280+PMSX003-B+PMSX003-A,92,56,74,993.86,0.02,17904,-73,130594,24.61,33.39,37.39,22.37,31.78,37.39,97,93,3957.71,1150.57,220.90,16.35,2.35,1.88,23.53,32.40,38.72,21.97,31.26,38.55,94,92,3968.48,1098.02,199.60,21.21,10.07,2.62
2023/07/24T00:49:06z,a8:48:fa:ca:a1:15,7.02,2.0+OPENLOG+15980 MB+DS3231+BME280+PMSX003-B+PMSX003-A,92,56,74,993.92,0.02,17904,-73,130714,25.02,34.43,39.02,22.57,32.22,38.98,99,94,4081.33,1191.00,248.87,16.70,1.78,1.41,23.42,32.11,34.04,21.82,30.95,34.04,94,91,3959.45,1101.51,191.62,14.69,2.29,0.69
2023/07/24T00:51:06z,a8:48:fa:ca:a1:15,7.02,2.0+OPENLOG+15980 MB+DS3231+BME280+PMSX003-B+PMSX003-A,92,56,74,994.01,0.02,18072,-73,130834,24.29,33.24,36.57,22.20,31.45,36.49,96,92,3939.65,1151.78,230.43,14.47,3.10,0.98,23.86,32.03,34.67,22.19,30.91,34.67,94,91,4076.69,1122.07,184.53,12.34,2.66,1.31
2023/07/24T00:53:06z,a8:48:fa:ca:a1:15,7.02,2.0+OPENLOG+15980 MB+DS3231+BME280+PMSX003-B+PMSX003-A,92,56,74,994.05,0.02,18072,-73,130954,25.06,34.57,39.51,22.57,32.47,39.49,99,95,4094.83,1179.08,234.72,22.79,1.21,0.64,23.47,31.91,38.04,21.89,30.98,38.02,93,91,4059.84,1114.81,193.00,18.28,8.91,1.61
2023/07/24T00:55:06z,a8:48:fa:ca:a1:15,7.02,2.0+OPENLOG+15980 MB+DS3231+BME280+PMSX003-B+PMSX003-A,92,56,74,994.08,0.02,18072,-73,131074,24.98,32.96,36.21,22.58,31.45,36.21,96,92,4015.53,1165.83,217.58,13.92,1.74,0.98,23.76,31.56,37.50,22.17,30.74,37.44,93,91,4002.83,1114.28,178.72,18.59,9.00,2.04
2023/07/24T00:57:06z,a8:48:fa:ca:a1:15,7.02,2.0+OPENLOG+15980 MB+DS3231+BME280+PMSX003-B+PMSX003-A,92,56,74,994.06,0.02,18072,-73,131194,23.40,31.64,38.30,21.79,30.66,38.28,93,91,3827.49,1106.72,210.75,23.32,3.85,1.40,23.57,32.43,38.29,22.02,31.25,38.29,95,92,4123.34,1126.75,201.14,18.86,9.25,1.46
2023/07/24T00:59:06z,a8:48:fa:ca:a1:15,7.02,2.0+OPENLOG+15980 MB+DS3231+BME280+PMSX003-B+PMSX003-A,92,56,74,994.09,0.02,18072,-73,131314,23.44,33.36,37.60,21.85,31.67,37.60,97,93,3859.96,1129.13,230.91,19.60,1.89,1.45,23.34,31.64,35.14,21.93,30.76,35.10,93,91,4058.95,1101.67,192.09,13.21,5.41,1.59
2023/07/24T01:01:06z,a8:48:fa:ca:a1:15,7.02,2.0+OPENLOG+15980 MB+DS3231+BME280+PMSX003-B+PMSX003-A,92,56,74,994.19,0.02,18072,-73,131434,24.21,33.17,38.23,22.21,31.56,38.23,96,93,3926.38,1144.15,233.81,20.88,1.71,1.29,23.77,30.58,37.96,22.11,30.02,37.89,91,89,3995.11,1105.84,184.21,17.89,12.39,1.44
2023/07/24T01:03:06z,a8:48:fa:ca:a1:15,7.02,2.0+OPENLOG+15980 MB+DS3231+BME280+PMSX003-B+PMSX003-A,92,56,74,994.24,0.02,18072,-73,131554,25.00,33.24,37.07,22.52,31.59,37.07,96,93,4041.05,1178.67,217.29,15.86,1.03,1.03,22.58,30.18,36.96,21.44,29.82,36.96,90,89,3826.36,1064.75,174.98,19.27,9.96,2.11
2023/07/24T01:05:06z,a8:48:fa:ca:a1:15,7.02,2.0+OPENLOG+15980 MB+DS3231+BME280+PMSX003-B+PMSX003-A,92,56,74,994.30,0.02,18072,-73,131674,23.65,32.41,37.07,21.94,31.06,37.02,94,92,3880.00,1124.02,222.83,16.48,3.04,2.70,23.26,31.02,40.17,21.80,30.41,39.94,92,90,3964.06,1098.09,195.98,23.63,13.93,2.63
2023/07/24T01:07:06z,a8:48:fa:ca:a1:15,7.02,2.0+OPENLOG+15980 MB+DS3231+BME280+PMSX003-B+PMSX003-A,92,56,74,994.33,0.02,18072,-73,131794,23.75,33.31,40.08,21.92,31.63,40.08,96,93,3952.33,1147.69,232.63,25.69,3.04,2.73,23.12,32.21,40.04,21.82,31.12,39.93,94,92,3975.59,1097.68,202.02,27.11,11.21,1.61
2023/07/24T01:09:06z,a8:48:fa:ca:a1:15,7.02,2.0+OPENLOG+15980 MB+DS3231+BME280+PMSX003-B+PMSX003-A,92,56,74,994.34,0.02,18072,-73,131914,23.15,32.53,36.55,21.53,31.17,36.55,95,92,3920.66,1117.13,229.30,18.75,0.83,0.45,23.27,31.43,33.91,21.77,30.66,33.80,92,91,3991.82,1100.23,182.34,12.11,3.50,1.14
2023/07/24T01:11:06z,a8:48:fa:ca:a1:15,7.02,2.0+OPENLOG+15980 MB+DS3231+BME280+PMSX003-B+PMSX003-A,92,56,74,994.40,0.02,18072,-73,132034,23.71,32.56,37.42,21.96,31.25,37.42,95,92,3895.67,1123.38,229.37,20.23,1.42,1.27,22.46,30.42,39.28,21.30,29.93,39.25,90,89,3871.84,1063.75,193.72,22.39,13.86,3.09
2023/07/24T01:13:06z,a8:48:fa:ca:a1:15,7.02,2.0+OPENLOG+15980 MB+DS3231+BME280+PMSX003-B+PMSX003-A,92,56,74,994.41,0.02,18072,-73,132154,24.15,33.38,38.54,22.23,31.73,38.54,97,93,3990.40,1152.92,230.02,17.81,2.54,2.08,22.91,30.67,35.45,21.51,30.09,35.40,91,90,3912.00,1073.71,179.31,14.80,6.98,3.02
2023/07/24T01:15:06z,a8:48:fa:ca:a1:15,7.02,2.0+OPENLOG+15980 MB+DS3231+BME280+PMSX003-B+PMSX003-A,92,56,74,994.53,0.02,18072,-73,132274,23.26,32.91,37.54,21.70,31.50,37.54,96,93,3820.56,1109.19,216.19,20.63,2.70,2.04,23.72,31.17,36.46,21.94,30.41,36.46,92,90,4008.39,1102.70,186.50,16.56,8.63,0.74
2023/07/24T01:17:06z,a8:48:fa:ca:a1:15,7.02,2.0+OPENLOG+15980 MB+DS3231+BME280+PMSX003-B+PMSX003-A,92,56,74,994.59,0.02,18072,-73,132394,23.55,33.10,35.69,21.86,31.65,35.69,96,93,3864.80,1114.49,215.08,13.59,2.86,2.49,22.58,30.27,35.76,21.34,29.81,35.76,90,89,3784.32,1063.37,192.73,15.39,8.24,2.68
2023/07/24T01:19:06z,a8:48:fa:ca:a1:15,7.02,2.0+OPENLOG+15980 MB+DS3231+BME280+PMSX003-B+PMSX003-A,92,56,74,994.65,0.02,18072,-73,132514,22.82,32.10,35.88,21.43,30.98,35.88,94,91,3743.53,1084.08,226.86,16.00,1.88,1.88,22.12,30.28,38.72,21.11,29.77,38.65,90,89,3853.00,1048.89,195.26,21.82,13.40,3.61
2023/07/24T01:21:06z,a8:48:fa:ca:a1:15,7.02,2.0+OPENLOG+15980 MB+DS3231+BME280+PMSX003-B+PMSX003-A,92,56,74,994.67,0.02,18072,-73,132634,23.23,32.79,36.02,21.68,31.43,36.02,95,92,3818.46,1103.66,234.70,16.00,1.21,0.86,22.84,31.45,37.84,21.54,30.66,37.80,92,91,3886.55,1084.09,201.34,18.54,9.57,2.61
2023/07/24T01:23:06z,a8:48:fa:ca:a1:15,7.02,2.0+OPENLOG+15980 MB+DS3231+BME280+PMSX003-B+PMSX003-A,92,56,74,994.75,0.02,18072,-73,132754,23.19,32.85,34.37,21.65,31.54,34.37,95,93,3797.44,1104.19,225.54,13.52,0.15,0.00,22.39,30.55,36.30,21.20,29.88,36.23,91,89,3794.84,1044.82,197.73,19.29,8.61,1.61
2023/07/24T01:25:06z,a8:48:fa:ca:a1:15,7.02,2.0+OPENLOG+15980 MB+DS3231+BME280+PMSX003-B+PMSX003-A,92,56,74,994.79,0.02,18072,-73,132874,22.43,31.76,36.14,21.22,30.75,36.14,93,91,3746.65,1081.25,233.24,21.37,0.94,0.08,22.05,29.62,33.78,21.17,29.19,33.74,89,88,3736.03,1030.21,178.40,13.62,5.66,1.55
2023/07/24T01:27:06z,a8:48:fa:ca:a1:15,7.02,2.0+OPENLOG+15980 MB+DS3231+BME280+PMSX003-B+PMSX003-A,92,56,74,994.80,0.02,18072,-73,132994,23.04,32.46,36.54,21.56,31.15,36.54,95,92,3770.88,1097.85,224.40,21.17,1.29,1.29,21.86,29.77,37.02,20.91,29.34,36.82,89,88,3670.45,1016.75,196.88,20.96,11.25,1.86
2023/07/24T01:29:06z,a8:48:fa:ca:a1:15,7.02,2.0+OPENLOG+15980 MB+DS3231+BME280+PMSX003-B+PMSX003-A,92,56,74,994.83,0.02,18072,-73,133114,22.64,31.42,34.07,21.20,30.45,34.07,92,90,3738.27,1082.60,221.60,12.18,1.05,1.05,22.43,30.68,35.29,21.34,30.12,35.20,91,90,3733.45,1047.38,197.82,16.04,6.36,1.36
2023/07/24T01:31:06z,a8:48:fa:ca:a1:15,7.02,2.0+OPENLOG+15980 MB+DS3231+BME280+PMSX003-B+PMSX003-A,92,56,74,994.89,0.02,18072,-73,133234,21.76,30.93,35.72,20.78,30.30,35.72,91,90,3574.67,1043.91,228.91,18.63,1.85,0.96,21.53,29.68,34.25,20.62,29.55,34.25,89,88,3755.72,1031.60,190.89,14.15,7.13,1.40
2023/07/24T01:33:06z,a8:48:fa:ca:a1:15,7.02,2.0+OPENLOG+15980 MB+DS3231+BME280+PMSX003-B+PMSX003-A,92,56,74,994.89,0.02,18072,-72,133354,22.35,31.71,35.00,21.25,30.67,35.00,93,91,3748.21,1066.04,217.60,17.58,1.08,0.46,21.46,29.39,38.91,20.51,29.23,38.82,88,88,3642.26,1019.70,197.95,21.86,15.40,2.46
2023/07/24T01:35:06z,a8:48:fa:ca:a1:15,7.02,2.0+OPENLOG+15980 MB+DS3231+BME280+PMSX003-B+PMSX003-A,92,56,74,994.94,0.02,18072,-73,133474,21.89,30.98,34.38,21.00,30.09,34.30,91,90,3665.09,1058.85,213.62,16.26,0.38,0.38,21.52,29.41,34.16,20.64,29.10,34.10,88,87,3667.50,1023.57,189.45,14.10,6.21,1.69
2023/07/24T01:37:06z,a8:48:fa:ca:a1:15,7.02,2.0+OPENLOG+15980 MB+DS3231+BME280+PMSX003-B+PMSX003-A,92,56,74,994.93,0.02,18072,-73,133594,21.96,30.67,31.98,20.74,30.07,31.98,91,90,3691.50,1058.98,205.43,6.70,1.48,1.48,21.96,29.39,38.50,20.88,29.16,38.30,88,88,3691.50,1021.05,183.02,23.64,14.11,3.71
2023/07/24T01:39:06z,a8:48:fa:ca:a1:15,7.02,2.0+OPENLOG+15980 MB+DS3231+BME280+PMSX003-B+PMSX003-A,92,56,74,994.95,0.02,18072,-73,133714,22.91,31.35,36.46,21.54,30.35,36.46,92,90,3760.89,1082.69,225.26,18.54,2.56,1.70,21.91,29.48,33.59,20.91,29.11,33.59,88,87,3698.36,1030.25,186.25,14.00,5.96,0.93
2023/07/24T01:41:06z,a8:48:fa:ca:a1:15,7.02,2.0+OPENLOG+15980 MB+DS3231+BME280+PMSX003-B+PMSX003-A,92,56,74,994.98,0.02,18072,-73,133834,23.20,32.44,34.47,21.64,31.20,34.47,95,92,3826.96,1105.55,220.09,12.87,0.76,0.76,21.87,30.20,35.89,20.84,29.85,35.89,90,89,3734.35,1035.53,187.49,19.13,8.91,2.18
2023/07/24T01:43:06z,a8:48:fa:ca:a1:15,7.02,2.0+OPENLOG+15980 MB+DS3231+BME280+PMSX003-B+PMSX003-A,92,56,74,995.04,0.02,18072,-73,133954,22.19,31.52,36.29,20.96,30.58,36.29,93,91,3712.56,1079.90,219.44,20.58,1.21,1.00,21.92,29.69,36.76,20.92,29.36,36.76,89,88,3774.20,1036.75,202.66,18.44,11.53,2.20
2023/07/24T01:45:06z,a8:48:fa:ca:a1:15,7.02,2.0+OPENLOG+15980 MB+DS3231+BME280+PMSX003-B+PMSX003-A,92,56,74,995.07,0.02,18072,-73,134074,22.30,30.71,34.86,21.07,30.11,34.86,91,90,3618.48,1055.64,219.61,15.36,2.00,2.00,22.70,31.23,37.02,21.40,30.55,37.00,92,91,3780.65,1069.83,207.68,17.90,8.30,1.70
2023/07/24T01:47:07z,a8:48:fa:ca:a1:15,7.02,2.0+OPENLOG+15980 MB+DS3231+BME280+PMSX003-B+PMSX003-A,92,56,74,995.10,0.02,17904,-73,134195,23.09,33.48,37.61,21.59,31.73,37.57,97,93,3851.95,1112.70,244.70,17.57,2.75,2.50,20.73,28.05,31.62,20.11,28.05,31.62,85,85,3625.34,989.61,178.93,11.79,4.50,2.29
2023/07/24T01:49:07z,a8:48:fa:ca:a1:15,7.02,2.0+OPENLOG+15980 MB+DS3231+BME280+PMSX003-B+PMSX003-A,92,56,74,995.13,0.02,17904,-73,134315,22.15,32.00,35.17,21.15,30.71,35.17,94,91,3614.60,1051.88,229.71,14.92,1.96,1.62,21.28,29.81,32.81,20.62,29.41,32.81,89,88,3702.26,1020.26,187.05,14.86,2.55,1.55
2023/07/24T01:51:07z,a8:48:fa:ca:a1:15,7.02,2.0+OPENLOG+15980 MB+DS3231+BME280+PMSX003-B+PMSX003-A,92,56,74,995.14,0.02,18072,-73,134435,22.68,31.93,34.27,21.36,30.80,34.27,93,91,3727.55,1071.54,211.50,14.96,1.21,0.43,21.00,28.58,31.82,20.33,28.58,31.82,86,86,3581.51,994.20,184.80,9.27,4.36,2.22
2023/07/24T01:53:07z,a8:48:fa:ca:a1:15,7.02,2.0+OPENLOG+15980 MB+DS3231+BME280+PMSX003-B+PMSX003-A,92,56,74,995.14,0.02,18072,-73,134555,21.84,30.63,36.02,20.86,30.00,36.02,91,89,3602.05,1045.23,225.02,21.47,1.19,1.19,20.85,28.69,36.87,20.16,28.47,36.78,87,86,3620.40,996.73,184.89,21.49,12.98,1.67
2023/07/24T01:55:07z,a8:48:fa:ca:a1:15,7.02,2.0+OPENLOG+15980 MB+DS3231+BME280+PMSX003-B+PMSX003-A,92,56,74,995.15,0.02,18072,-73,134675,21.42,29.98,33.81,20.44,29.60,33.81,89,88,3517.33,1027.12,211.33,15.62,2.08,1.19,21.49,28.39,32.25,20.61,28.39,32.25,86,86,3560.24,996.73,182.64,12.64,6.07,0.51
2023/07/24T01:57:07z,a8:48:fa:ca:a1:15,7.02,2.0+OPENLOG+15980 MB+DS3231+BME280+PMSX003-B+PMSX003-A,92,56,74,995.16,0.02,18072,-73,134795,21.62,29.50,31.06,20.60,29.32,31.06,88,88,3509.88,1015.10,215.40,8.44,0.48,0.00,20.45,27.41,31.93,20.02,27.30,31.93,84,84,3450.48,957.23,174.71,13.04,7.79,0.39
2023/07/24T01:59:07z,a8:48:fa:ca:a1:15,7.02,2.0+OPENLOG+15980 MB+DS3231+BME280+PMSX003-B+PMSX003-A,92,56,74,995.22,0.02,18072,-73,134915,22.93,30.83,33.00,21.30,30.09,33.00,91,90,3639.89,1066.87,203.06,10.78,1.00,1.00,21.35,28.58,32.86,20.67,28.56,32.86,86,86,3662.11,993.19,178.51,13.93,6.56,1.61
2023/07/24T02:01:07z,a8:48:fa:ca:a1:15,7.02,2.0+OPENLOG+15980 MB+DS3231+BME280+PMSX003-B+PMSX003-A,92,56,74,995.26,0.02,18072,-73,135035,23.04,32.37,36.33,21.52,31.12,36.33,94,92,3778.73,1097.60,234.29,16.23,2.04,1.00,21.68,30.38,37.09,20.88,29.79,37.09,90,89,3710.25,1025.66,200.98,20.93,10.29,3.11
2023/07/24T02:03:07z,a8:48:fa:ca:a1:15,7.02,2.0+OPENLOG+15980 MB+DS3231+BME280+PMSX003-B+PMSX003-A,92,56,74,995.23,0.02,18072,-73,135155,23.43,33.11,35.19,21.89,31.65,35.19,96,93,3826.06,1108.91,231.63,13.89,1.15,0.78,21.38,29.60,36.66,20.71,29.31,36.66,89,88,3648.36,1011.91,189.76,21.21,10.38,2.66
2023/07/24T02:05:07z,a8:48:fa:ca:a1:15,7.02,2.0+OPENLOG+15980 MB+DS3231+BME280+PMSX003-B+PMSX003-A,92,56,74,995.24,0.02,18072,-70,135275,21.24,30.63,34.31,20.43,30.00,34.31,91,89,3587.12,1045.78,220.75,14.27,2.55,1.10,21.25,28.65,33.23,20.42,28.44,33.23,86,86,3615.68,992.82,182.46,16.60,7.40,0.88
2023/07/24T02:07:07z,a8:48:fa:ca:a1:15,7.02,2.0+OPENLOG+15980 MB+DS3231+BME280+PMSX003-B+PMSX003-A,92,56,74,995.26,0.02,18072,-70,135395,22.27,31.67,37.48,21.25,30.65,37.48,93,91,3684.69,1070.83,238.29,23.35,1.08,1.08,20.43,28.68,35.66,20.04,28.64,35.66,87,86,3506.25,972.71,187.82,22.18,11.32,1.07
2023/07/24T02:09:07z,a8:48:fa:ca:a1:15,7.02,2.0+OPENLOG+15980 MB+DS3231+BME280+PMSX003-B+PMSX003-A,92,56,74,995.20,0.02,18072,-70,135515,23.06,31.09,35.94,21.52,30.35,35.94,92,90,3689.28,1074.80,221.69,16.22,1.78,1.37,21.37,29.83,37.46,20.63,29.48,37.17,89,88,3633.17,1007.87,189.76,23.52,11.67,2.07
2023/07/24T02:11:07z,a8:48:fa:ca:a1:15,7.02,2.0+OPENLOG+15980 MB+DS3231+BME280+PMSX003-B+PMSX003-A,92,56,74,995.28,0.02,18072,-74,135635,22.16,31.09,34.35,21.02,30.29,34.35,92,90,3629.40,1046.38,212.85,16.29,2.44,1.24,20.63,29.47,34.16,20.07,29.30,34.14,88,88,3523.63,972.81,197.67,18.49,6.42,1.30
2023/07/24T02:13:07z,a8:48:fa:ca:a1:15,7.02,2.0+OPENLOG+15980 MB+DS3231+BME280+PMSX003-B+PMSX003-A,92,56,74,995.28,0.02,18072,-70,135755,21.98,30.47,35.74,20.89,29.87,35.74,90,89,3620.11,1044.94,223.53,19.36,2.26,1.87,20.59,28.98,33.52,19.98,28.81,33.52,87,87,3521.12,980.19,190.17,17.10,6.21,0.76
2023/07/24T02:15:07z,a8:48:fa:ca:a1:15,7.02,2.0+OPENLOG+15980 MB+DS3231+BME280+PMSX003-B+PMSX003-A,92,56,74,995.28,0.02,18072,-71,135875,22.51,32.47,35.86,21.24,31.16,35.86,95,92,3839.76,1112.92,220.94,15.10,1.88,1.80,21.78,29.90,36.16,20.79,29.64,36.16,89,89,3714.62,1022.17,184.59,19.24,9.52,1.97
2023/07/24T02:17:07z,a8:48:fa:ca:a1:15,7.02,2.0+OPENLOG+15980 MB+DS3231+BME280+PMSX003-B+PMSX003-A,92,56,74,995.29,0.02,18072,-70,135995,22.41,32.41,35.43,21.26,31.28,35.43,94,92,3734.67,1084.37,232.94,16.96,0.63,0.33,21.62,29.64,33.67,20.71,29.40,33.67,89,88,3649.91,1006.47,194.65,14.76,5.49,1.09
2023/07/24T02:19:07z,a8:48:fa:ca:a1:15,7.02,2.0+OPENLOG+15980 MB+DS3231+BME280+PMSX003-B+PMSX003-A,92,56,74,995.28,0.02,18072,-70,136115,22.06,30.71,34.37,21.00,30.04,34.37,91,89,3582.69,1050.15,224.88,15.00,2.38,0.88,21.05,29.27,33.96,20.30,28.93,33.96,88,87,3533.25,994.36,187.48,16.18,6.50,2.00
2023/07/24T02:21:07z,a8:48:fa:ca:a1:15,7.02,2.0+OPENLOG+15980 MB+DS3231+BME280+PMSX003-B+PMSX003-A,92,56,74,995.31,0.02,18072,-71,136235,21.58,31.60,35.19,20.46,30.50,35.19,93,90,3685.33,1058.12,234.04,17.12,1.81,1.08,21.26,30.05,36.62,20.53,29.57,36.62,89,88,3645.41,1017.93,187.40,22.31,9.45,2.41
2023/07/24T02:23:07z,a8:48:fa:ca:a1:15,7.02,2.0+OPENLOG+15980 MB+DS3231+BME280+PMSX003-B+PMSX003-A,92,56,74,995.32,0.02,18072,-70,136355,22.47,32.00,36.67,21.27,30.86,36.57,94,91,3715.04,1082.76,237.88,19.35,1.06,0.57,22.34,30.93,34.59,21.28,30.22,34.59,91,90,3697.19,1037.72,207.66,16.79,5.03,0.55
2023/07/24T02:25:07z,a8:48:fa:ca:a1:15,7.02,2.0+OPENLOG+15980 MB+DS3231+BME280+PMSX003-B+PMSX003-A,92,56,74,995.30,0.02,18072,-70,136475,23.20,32.73,33.96,21.64,31.51,33.96,95,93,3771.82,1096.55,226.36,9.78,0.95,0.58,22.04,31.33,37.78,21.00,30.58,37.62,92,91,3808.64,1043.60,203.85,21.85,10.04,0.87
2023/07/24T02:27:07z,a8:48:fa:ca:a1:15,7.02,2.0+OPENLOG+15980 MB+DS3231+BME280+PMSX003-B+PMSX003-A,92,56,74,995.30,0.02,18072,-71,136595,22.32,31.98,35.11,21.05,30.84,35.11,94,91,3707.04,1078.41,224.95,15.25,1.32,1.00,22.11,30.71,35.98,21.09,30.24,35.98,91,90,3842.56,1058.96,198.89,17.05,8.18,1.13
2023/07/24T02:29:07z,a8:48:fa:ca:a1:15,7.02,2.0+OPENLOG+15980 MB+DS3231+BME280+PMSX003-B+PMSX003-A,92,56,74,995.33,0.02,18072,-70,136715,21.23,30.63,34.37,20.27,29.90,34.37,91,89,3589.73,1035.83,213.94,18.81,0.96,0.69,22.79,29.86,35.22,21.60,29.67,35.22,89,89,3757.50,1056.12,188.83,14.52,8.59,1.10
2023/07/24T02:31:07z,a8:48:fa:ca:a1:15,7.02,2.0+OPENLOG+15980 MB+DS3231+BME280+PMSX003-B+PMSX003-A,92,56,74,995.30,0.02,18072,-70,136835,22.86,32.80,37.67,21.37,31.33,37.67,95,92,3807.53,1109.49,250.43,21.96,1.69,0.78,22.66,30.83,34.17,21.45,30.31,34.17,91,90,3826.40,1064.09,181.55,13.03,5.41,1.21
2023/07/24T02:33:07z,a8:48:fa:ca:a1:15,7.02,2.0+OPENLOG+15980 MB+DS3231+BME280+PMSX003-B+PMSX003-A,92,56,74,995.28,0.02,18072,-70,136955,23.36,33.25,37.59,21.70,31.59,37.59,96,93,3897.64,1142.61,234.70,17.39,1.89,1.89,22.45,30.35,38.31,21.24,29.80,38.25,90,89,3870.76,1064.96,192.58,21.05,11.53,1.89
2023/07/24T02:35:07z,a8:48:fa:ca:a1:15,7.02,2.0+OPENLOG+15980 MB+DS3231+BME280+PMSX003-B+PMSX003-A,92,56,74,995.28,0.02,18072,-70,137075,23.06,31.53,33.59,21.41,30.47,33.59,93,90,3771.82,1098.47,219.37,11.10,0.78,0.63,21.62,29.29,35.05,20.75,29.07,35.05,88,87,3761.68,1030.30,183.70,16.79,8.71,0.54
2023/07/24T02:37:07z,a8:48:fa:ca:a1:15,7.02,2.0+OPENLOG+15980 MB+DS3231+BME280+PMSX003-B+PMSX003-A,92,56,74,995.29,0.02,18072,-71,137195,22.81,31.31,33.98,21.48,30.50,33.98,92,90,3738.61,1079.26,210.43,12.15,2.22,1.78,22.05,30.40,35.81,21.09,29.88,35.79,90,89,3688.63,1036.09,197.11,17.12,7.30,1.05
2023/07/24T02:39:07z,a8:48:fa:ca:a1:15,7.02,2.0+OPENLOG+15980 MB+DS3231+BME280+PMSX003-B+PMSX003-A,92,56,74,995.35,0.02,18072,-70,137315,22.10,31.73,36.35,21.02,30.67,36.35,93,91,3660.56,1071.08,237.48,20.79,0.50,0.21,21.30,29.56,38.65,20.49,29.23,38.60,88,88,3706.63,1022.30,189.14,23.30,14.60,2.88
2023/07/24T02:41:07z,a8:48:fa:ca:a1:15,7.02,2.0+OPENLOG+15980 MB+DS3231+BME280+PMSX003-B+PMSX003-A,92,56,74,995.37,0.02,18072,-70,137435,23.17,31.79,32.56,21.63,30.87,32.56,93,91,3779.13,1093.77,209.38,7.15,0.15,0.00,21.86,29.42,33.58,20.76,29.20,33.58,88,88,3657.46,1023.15,179.03,14.98,5.69,1.22
2023/07/24T02:43:07z,a8:48:fa:ca:a1:15,7.02,2.0+OPENLOG+15980 MB+DS3231+BME280+PMSX003-B+PMSX003-A,92,56,74,995.34,0.02,18072,-70,137555,22.00,31.75,36.41,20.86,30.69,36.41,93,91,3717.59,1082.49,220.69,21.06,0.71,0.71,21.63,30.15,34.54,20.80,29.81,34.54,90,89,3713.94,1024.89,187.81,16.93,6.41,1.81
2023/07/24T02:45:07z,a8:48:fa:ca:a1:15,7.02,2.0+OPENLOG+15980 MB+DS3231+BME280+PMSX003-B+PMSX003-A,92,56,74,995.32,0.02,18072,-70,137675,21.53,30.25,34.51,20.55,29.69,34.51,90,89,3587.06,1042.37,217.22,19.73,1.57,0.94,22.10,31.17,38.34,21.00,30.42,38.27,92,90,3784.47,1049.59,202.05,24.31,11.42,0.85
2023/07/24T02:47:07z,a8:48:fa:ca:a1:15,7.02,2.0+OPENLOG+15980 MB+DS3231+BME280+PMSX003-B+PMSX003-A,92,56,74,995.29,0.02,17904,-70,137796,22.32,31.42,34.80,21.20,30.52,34.80,92,90,3699.00,1068.04,213.82,15.24,2.88,2.36,20.88,29.84,35.30,20.23,29.32,35.30,89,88,3639.58,1002.30,199.72,17.23,8.74,1.37
2023/07/24T02:49:07z,a8:48:fa:ca:a1:15,7.02,2.0+OPENLOG+15980 MB+DS3231+BME280+PMSX003-B+PMSX003-A,92,57,74,995.33,0.02,17904,-71,137916,21.93,31.74,35.30,20.67,30.54,35.30,93,90,3641.17,1068.22,224.17,18.19,2.56,1.89,22.64,32.05,38.18,21.35,31.00,38.00,94,91,3826.75,1080.38,209.75,20.69,9.78,0.58
2023/07/24T02:51:07z,a8:48:fa:ca:a1:15,7.02,2.0+OPENLOG+15980 MB+DS3231+BME280+PMSX003-B+PMSX003-A,92,57,74,995.34,0.02,18072,-70,138036,22.81,31.87,37.23,21.38,30.69,37.23,93,91,3819.12,1118.19,226.37,20.92,1.65,1.65,22.26,30.26,37.55,21.19,29.88,37.55,90,89,3705.57,1049.10,187.90,21.72,10.03,2.72
2023/07/24T02:53:07z,a8:48:fa:ca:a1:15,7.02,2.0+OPENLOG+15980 MB+DS3231+BME280+PMSX003-B+PMSX003-A,92,57,74,995.35,0.02,18072,-71,138156,22.90,33.49,38.27,21.41,31.76,38.27,97,93,3790.71,1107.16,239.73,25.22,0.65,0.65,22.02,29.79,36.59,21.02,29.47,36.59,89,88,3772.91,1041.40,186.66,20.28,11.14,1.14
2023/07/24T02:55:07z,a8:48:fa:ca:a1:15,7.02,2.0+OPENLOG+15980 MB+DS3231+BME280+PMSX003-B+PMSX003-A,92,57,74,995.34,0.02,18072,-73,138276,22.91,32.12,35.09,21.53,30.93,35.09,94,91,3840.26,1099.51,213.63,15.82,0.60,0.60,21.73,28.46,33.18,20.82,28.30,33.14,86,86,3602.14,1012.16,173.68,13.93,6.50,1.64
2023/07/24T02:57:07z,a8:48:fa:ca:a1:15,7.02,2.0+OPENLOG+15980 MB+DS3231+BME280+PMSX003-B+PMSX003-A,92,56,74,995.36,0.02,18072,-71,138396,22.50,32.31,35.31,21.28,31.06,35.31,94,92,3686.72,1072.59,218.57,16.93,1.04,0.85,21.15,28.25,33.98,20.42,28.21,33.74,86,86,3630.68,987.19,174.45,17.43,7.55,3.17
2023/07/24T02:59:07z,a8:48:fa:ca:a1:15,7.02,2.0+OPENLOG+15980 MB+DS3231+BME280+PMSX003-B+PMSX003-A,92,56,74,995.33,0.02,18072,-71,138516,22.24,30.59,33.17,21.07,29.91,33.17,91,89,3619.94,1051.30,205.85,13.48,0.52,0.37,21.14,29.52,35.34,20.41,29.23,35.34,88,88,3633.86,1006.79,186.29,17.82,8.86,1.86
2023/07/24T03:01:07z,a8:48:fa:ca:a1:15,7.02,2.0+OPENLOG+15980 MB+DS3231+BME280+PMSX003-B+PMSX003-A,92,56,74,995.33,0.02,18072,-70,138636,22.67,31.29,35.25,21.46,30.50,35.25,92,90,3727.21,1077.87,213.92,13.23,3.12,2.08,22.02,30.51,38.95,20.98,30.10,38.92,90,90,3815.90,1050.93,201.98,21.53,13.86,1.53
2023/07/24T03:03:07z,a8:48:fa:ca:a1:15,7.02,2.0+OPENLOG+15980 MB+DS3231+BME280+PMSX003-B+PMSX003-A,92,56,74,995.33,0.02,18072,-71,138756,24.30,33.68,36.94,22.28,31.89,36.94,97,93,3930.28,1152.66,243.83,14.98,0.60,0.30,21.41,29.50,37.40,20.60,29.38,37.36,88,88,3743.07,1024.05,193.16,19.59,11.66,3.41
2023/07/24T03:05:07z,a8:48:fa:ca:a1:15,7.02,2.0+OPENLOG+15980 MB+DS3231+BME280+PMSX003-B+PMSX003-A,92,56,74,995.39,0.02,18072,-71,138876,23.52,33.44,39.91,21.94,31.87,39.91,97,93,3809.67,1115.72,249.70,27.35,1.89,1.11,22.28,31.09,36.72,21.11,30.33,36.72,92,90,3838.72,1056.61,201.74,19.33,9.07,1.33
2023/07/24T03:07:07z,a8:48:fa:ca:a1:15,7.02,2.0+OPENLOG+15980 MB+DS3231+BME280+PMSX003-B+PMSX003-A,92,56,74,995.39,0.02,18072,-71,138996,22.38,31.72,37.77,21.21,30.70,37.77,93,91,3699.28,1078.49,234.11,22.60,2.57,2.08,21.64,30.41,35.80,20.71,30.05,35.80,90,89,3715.42,1024.92,195.59,18.64,8.44,1.15
2023/07/24T03:09:07z,a8:48:fa:ca:a1:15,7.02,2.0+OPENLOG+15980 MB+DS3231+BME280+PMSX003-B+PMSX003-A,92,56,74,995.37,0.02,18072,-75,139116,23.59,33.04,38.59,21.90,31.43,38.59,96,92,3873.43,1126.86,245.84,21.22,2.69,1.22,21.60,29.66,33.76,20.62,29.36,33.76,89,88,3708.78,1019.02,188.64,14.90,5.72,0.72
2023/07/24T03:11:07z,a8:48:fa:ca:a1:15,7.02,2.0+OPENLOG+15980 MB+DS3231+BME280+PMSX003-B+PMSX003-A,92,56,74,995.40,0.02,18072,-71,139236,22.88,32.88,38.12,21.60,31.50,38.12,95,93,3825.06,1108.80,241.28,21.32,2.40,2.40,22.78,30.69,33.93,21.60,29.97,33.93,91,89,3834.26,1050.26,195.81,14.34,4.55,0.66
2023/07/24T03:13:07z,a8:48:fa:ca:a1:15,7.02,2.0+OPENLOG+15980 MB+DS3231+BME280+PMSX003-B+PMSX003-A,92,56,74,995.43,0.02,18072,-71,139356,23.33,32.57,35.00,21.80,31.33,35.00,95,92,3837.78,1106.67,236.02,11.11,1.48,0.96,21.83,29.06,34.13,20.89,28.91,34.13,87,87,3627.68,1015.51,187.43,14.72,7.70,0.60
2023/07/24T03:15:07z,a8:48:fa:ca:a1:15,7.02,2.0+OPENLOG+15980 MB+DS3231+BME280+PMSX003-B+PMSX003-A,92,56,74,995.43,0.02,18072,-70,139476,22.04,31.54,36.65,20.96,30.54,36.65,93,90,3768.63,1092.40,242.35,20.92,0.42,0.19,22.61,30.93,31.39,21.37,30.42,31.39,91,90,3768.26,1037.40,184.89,10.11,0.46,0.00
2023/07/24T03:17:07z,a8:48:fa:ca:a1:15,7.02,2.0+OPENLOG+15980 MB+DS3231+BME280+PMSX003-B+PMSX003-A,92,56,74,995.45,0.02,18072,-70,139596,22.78,30.94,35.65,21.35,30.22,35.65,91,90,3687.61,1071.16,222.55,17.88,1.71,1.02,21.74,30.24,35.05,20.81,29.79,35.05,90,89,3727.55,1026.45,191.86,16.66,7.28,1.21
2023/07/24T03:19:07z,a8:48:fa:ca:a1:15,7.02,2.0+OPENLOG+15980 MB+DS3231+BME280+PMSX003-B+PMSX003-A,92,56,74,995.50,0.02,18072,-71,139716,23.56,33.21,37.04,21.94,31.67,37.04,96,93,3818.08,1123.98,237.21,17.27,2.12,1.27,20.82,29.82,33.28,20.16,29.56,33.28,89,88,3575.00,1002.35,195.74,16.07,4.95,0.81
2023/07/24T03:21:07z,a8:48:fa:ca:a1:15,7.02,2.0+OPENLOG+15980 MB+DS3231+BME280+PMSX003-B+PMSX003-A,92,56,74,995.52,0.02,18072,-71,139836,21.94,31.10,34.12,20.81,30.31,34.12,92,90,3745.27,1073.50,222.83,11.38,2.69,1.50,21.91,30.73,39.00,20.87,30.07,38.67,91,90,3766.58,1040.31,202.82,22.84,13.38,1.67
2023/07/24T03:23:07z,a8:48:fa:ca:a1:15,7.02,2.0+OPENLOG+15980 MB+DS3231+BME280+PMSX003-B+PMSX003-A,91,55,73,995.52,0.02,18072,-71,139956,20.73,30.48,33.33,20.12,29.79,33.33,90,89,3511.27,1015.81,228.23,13.38,1.12,0.15,21.23,29.47,32.16,20.28,29.32,32.16,88,88,3582.21,991.86,189.14,10.49,3.68,2.49
2023/07/24T03:25:07z,a8:48:fa:ca:a1:15,7.02,2.0+OPENLOG+15980 MB+DS3231+BME280+PMSX003-B+PMSX003-A,91,53,71,995.52,0.02,18072,-71,140076,20.87,28.87,32.00,20.13,28.56,32.00,87,86,3457.53,1003.16,203.15,14.07,0.69,0.15,20.54,27.77,35.26,20.12,27.77,35.26,85,85,3555.00,975.26,173.75,20.74,11.61,1.33
2023/07/24T03:27:07z,a8:48:fa:ca:a1:15,7.02,2.0+OPENLOG+15980 MB+DS3231+BME280+PMSX003-B+PMSX003-A,91,51,70,995.56,0.02,18072,-72,140196,20.75,29.57,33.35,20.10,29.22,33.35,88,88,3512.59,1005.27,210.10,18.63,0.51,0.20,20.38,28.05,30.75,19.89,27.98,30.75,85,85,3526.23,970.12,173.18,11.54,2.11,1.14
2023/07/24T03:29:07z,a8:48:fa:ca:a1:15,7.02,2.0+OPENLOG+15980 MB+DS3231+BME280+PMSX003-B+PMSX003-A,90,49,68,995.56,0.02,18072,-72,140316,20.55,28.84,34.48,19.95,28.48,34.48,87,86,3514.55,1007.52,210.30,21.43,1.46,0.54,20.02,27.69,30.40,19.67,27.69,30.40,84,84,3447.27,944.07,171.07,8.84,4.55,0.00
2023/07/24T03:31:07z,a8:48:fa:ca:a1:15,7.02,2.0+OPENLOG+15980 MB+DS3231+BME280+PMSX003-B+PMSX003-A,90,47,67,995.60,0.02,18072,-72,140436,19.89,27.41,31.09,19.43,27.37,31.09,84,84,3351.17,963.46,180.67,13.04,1.44,0.85,19.00,27.05,29.04,18.91,27.05,29.04,83,83,3305.51,897.47,166.33,11.78,3.27,0.00
2023/07/24T03:33:07z,a8:48:fa:ca:a1:15,7.02,2.0+OPENLOG+15980 MB+DS3231+BME280+PMSX003-B+PMSX003-A,90,45,66,995.64,0.02,18072,-72,140556,19.55,27.81,31.09,19.25,27.75,31.09,85,85,3268.47,947.38,184.98,14.15,2.64,2.38,19.45,27.97,30.14,19.38,27.91,30.14,85,85,3375.16,934.67,163.45,9.69,2.69,1.31
2023/07/24T03:35:07z,a8:48:fa:ca:a1:15,7.02,2.0+OPENLOG+15980 MB+DS3231+BME280+PMSX003-B+PMSX003-A,89,44,64,995.60,0.02,18072,-72,140676,18.96,27.40,29.10,18.80,27.32,29.10,84,84,3184.62,919.08,182.26,13.60,0.80,0.36,20.62,28.45,33.91,20.38,28.33,33.91,86,86,3380.90,942.55,175.98,17.69,9.34,0.69
2023/07/24T03:37:07z,a8:48:fa:ca:a1:15,7.02,2.0+OPENLOG+15980 MB+DS3231+BME280+PMSX003-B+PMSX003-A,89,42,63,995.54,0.02,18072,-72,140796,18.89,27.75,28.41,18.89,27.68,28.41,85,84,3191.36,922.80,179.88,10.39,0.89,0.86,20.39,28.47,31.86,20.19,28.44,31.86,86,86,3384.37,936.56,171.05,14.98,4.77,0.95
2023/07/24T03:39:07z,a8:48:fa:ca:a1:15,7.02,2.0+OPENLOG+15980 MB+DS3231+BME280+PMSX003-B+PMSX003-A,89,41,62,995.56,0.02,18072,-72,140916,19.89,27.21,32.30,19.54,27.12,32.30,83,83,3323.62,960.54,189.45,19.68,1.43,0.82,18.85,27.04,31.98,18.85,27.04,31.98,83,83,3147.33,872.57,164.09,16.63,8.26,0.56
2023/07/24T03:41:07z,a8:48:fa:ca:a1:15,7.02,2.0+OPENLOG+15980 MB+DS3231+BME280+PMSX003-B+PMSX003-A,89,40,61,995.53,0.02,18072,-72,141036,19.24,27.26,30.47,18.98,27.26,30.47,84,84,3246.83,929.60,187.83,14.10,1.21,0.76,19.32,25.89,33.04,19.32,25.89,33.04,81,81,3187.47,883.74,158.91,18.18,10.00,2.25
2023/07/24T03:43:07z,a8:48:fa:ca:a1:15,7.02,2.0+OPENLOG+15980 MB+DS3231+BME280+PMSX003-B+PMSX003-A,88,39,60,995.58,0.02,18072,-72,141156,18.28,26.65,27.31,18.26,26.65,27.31,82,82,3160.39,906.85,177.35,8.48,0.78,0.56,19.09,26.97,29.34,19.09,26.97,29.34,83,83,3177.21,882.72,170.41,9.07,2.52,1.90
2023/07/24T03:45:07z,a8:48:fa:ca:a1:15,7.02,2.0+OPENLOG+15980 MB+DS3231+BME280+PMSX003-B+PMSX003-A,88,38,59,995.61,0.02,18072,-71,141276,18.61,26.50,31.39,18.57,26.50,31.39,82,82,3197.94,924.13,189.63,18.96,1.07,0.63,18.66,25.79,29.11,18.66,25.79,29.11,80,80,3094.12,859.48,154.14,12.39,4.79,0.79
2023/07/24T03:47:08z,a8:48:fa:ca:a1:15,7.02,2.0+OPENLOG+15980 MB+DS3231+BME280+PMSX003-B+PMSX003-A,88,38,59,995.62,0.02,17904,-71,141397,18.28,25.46,27.98,18.28,25.46,27.98,80,80,3096.32,889.05,177.96,13.51,0.56,0.35,17.93,25.17,28.93,17.93,25.17,28.93,79,79,3100.67,839.37,149.59,14.33,5.22,0.74
2023/07/24T03:49:08z,a8:48:fa:ca:a1:15,7.02,2.0+OPENLOG+15980 MB+DS3231+BME280+PMSX003-B+PMSX003-A,87,37,57,995.64,0.02,17904,-77,141517,18.49,27.21,28.72,18.49,27.21,28.72,83,83,3162.85,902.02,194.74,10.11,1.55,1.09,19.03,25.27,26.68,19.03,25.27,26.68,79,79,3076.50,846.80,141.07,7.60,1.57,0.90
2023/07/24T03:51:08z,a8:48:fa:ca:a1:15,7.02,2.0+OPENLOG+15980 MB+DS3231+BME280+PMSX003-B+PMSX003-A,87,36,57,995.64,0.02,18072,-74,141637,17.85,25.35,29.00,17.85,25.35,29.00,79,79,3070.09,880.65,173.69,16.40,0.55,0.07,18.07,25.27,29.98,18.07,25.27,29.98,79,79,3003.87,828.40,159.62,14.73,6.07,1.64
2023/07/24T03:53:08z,a8:48:fa:ca:a1:15,7.02,2.0+OPENLOG+15980 MB+DS3231+BME280+PMSX003-B+PMSX003-A,87,36,57,995.63,0.02,18072,-74,141757,18.95,27.32,30.34,18.89,27.32,30.34,84,84,3235.93,932.36,186.02,14.39,0.93,0.93,18.98,25.35,26.49,18.98,25.35,26.49,79,79,3068.67,845.75,158.11,7.27,0.65,0.25
2023/07/24T03:55:08z,a8:48:fa:ca:a1:15,7.02,2.0+OPENLOG+15980 MB+DS3231+BME280+PMSX003-B+PMSX003-A,87,35,56,995.61,0.02,18072,-74,141877,18.48,25.33,29.07,18.43,25.33,29.07,79,79,3058.72,886.50,174.28,15.52,1.04,0.63,18.28,26.21,32.19,18.28,26.21,32.19,81,81,3132.52,850.10,160.40,17.03,8.69,1.52
2023/07/24T03:57:08z,a8:48:fa:ca:a1:15,7.02,2.0+OPENLOG+15980 MB+DS3231+BME280+PMSX003-B+PMSX003-A,86,35,55,995.59,0.02,18072,-74,141997,18.62,25.02,28.36,18.59,25.02,28.36,79,79,3107.14,883.54,174.32,11.36,1.29,1.29,18.18,26.39,28.98,18.18,26.39,28.98,82,82,3053.47,841.96,153.28,14.35,4.21,0.49
2023/07/24T03:59:08z,a8:48:fa:ca:a1:15,7.02,2.0+OPENLOG+15980 MB+DS3231+BME280+PMSX003-B+PMSX003-A,86,34,55,995.58,0.02,18072,-75,142117,17.57,24.71,26.79,17.57,24.71,26.79,78,78,3003.75,863.18,162.29,10.61,0.89,0.54,17.84,24.59,28.88,17.84,24.59,28.88,78,78,3000.48,814.52,148.75,12.25,6.21,0.82
2023/07/24T04:01:08z,a8:48:fa:ca:a1:15,7.02,2.0+OPENLOG+15980 MB+DS3231+BME280+PMSX003-B+PMSX003-A,86,34,54,995.61,0.02,18072,-74,142237,18.32,26.20,30.54,18.32,26.20,30.54,81,81,3075.16,893.86,183.96,18.93,0.86,0.14,17.87,25.28,29.81,17.87,25.28,29.81,79,79,2921.72,815.63,156.46,13.41,6.11,1.11
2023/07/24T04:03:08z,a8:48:fa:ca:a1:15,7.02,2.0+OPENLOG+15980 MB+DS3231+BME280+PMSX003-B+PMSX003-A,86,34,54,995.65,0.02,18072,-74,142357,16.84,24.89,26.38,16.84,24.89,26.38,78,78,2935.02,843.93,163.11,13.79,0.18,0.18,17.97,25.12,27.86,17.97,25.12,27.86,79,79,2975.90,825.22,146.31,11.24,3.79,0.66
2023/07/24T04:05:08z,a8:48:fa:ca:a1:15,7.02,2.0+OPENLOG+15980 MB+DS3231+BME280+PMSX003-B+PMSX003-A,86,33,54,995.72,0.02,18072,-74,142477,17.43,25.64,28.30,17.43,25.64,28.30,80,80,2974.12,863.21,175.14,14.68,1.75,0.43,17.39,24.61,27.98,17.39,24.61,27.98,78,78,2954.68,808.60,137.16,9.93,4.28,2.14
2023/07/24T04:07:08z,a8:48:fa:ca:a1:15,7.02,2.0+OPENLOG+15980 MB+DS3231+BME280+PMSX003-B+PMSX003-A,85,33,53,995.71,0.02,18072,-73,142597,16.34,23.19,25.78,16.34,23.19,25.78,75,75,2799.71,808.80,163.07,12.98,0.27,0.00,17.63,25.67,30.37,17.63,25.67,30.37,80,80,2952.37,815.21,151.21,16.11,7.54,1.54
2023/07/24T04:09:08z,a8:48:fa:ca:a1:15,7.02,2.0+OPENLOG+15980 MB+DS3231+BME280+PMSX003-B+PMSX003-A,85,33,53,995.71,0.02,18072,-73,142717,16.27,22.68,25.34,16.27,22.68,25.34,74,74,2834.57,796.96,151.30,13.93,0.50,0.50,17.87,24.75,26.62,17.87,24.75,26.62,78,78,2917.96,809.27,141.20,8.84,1.56,0.73
2023/07/24T04:11:08z,a8:48:fa:ca:a1:15,7.02,2.0+OPENLOG+15980 MB+DS3231+BME280+PMSX003-B+PMSX003-A,85,33,52,995.72,0.02,18072,-73,142837,17.84,25.20,27.45,17.84,25.20,27.45,79,79,2987.14,868.14,176.14,11.75,0.46,0.46,16.49,22.47,26.07,16.49,22.47,26.07,73,73,2761.84,756.79,126.54,9.47,5.26,0.32
2023/07/24T04:13:08z,a8:48:fa:ca:a1:15,7.02,2.0+OPENLOG+15980 MB+DS3231+BME280+PMSX003-B+PMSX003-A,85,33,52,995.71,0.02,18072,-75,142957,17.69,24.64,26.40,17.69,24.64,26.40,78,78,2976.98,857.27,164.35,8.62,0.44,0.44,16.49,23.66,29.34,16.49,23.66,29.34,76,76,2800.88,771.25,146.97,16.27,8.47,0.17
2023/07/24T04:15:08z,a8:48:fa:ca:a1:15,7.02,2.0+OPENLOG+15980 MB+DS3231+BME280+PMSX003-B+PMSX003-A,85,32,52,995.70,0.02,18072,-74,143077,17.77,25.42,28.37,17.77,25.42,28.37,80,80,2935.32,865.67,164.86,16.42,0.74,0.56,16.84,24.50,27.60,16.84,24.50,27.60,78,78,2852.59,781.29,146.62,10.55,5.00,0.00
2023/07/24T04:17:08z,a8:48:fa:ca:a1:15,7.02,2.0+OPENLOG+15980 MB+DS3231+BME280+PMSX003-B+PMSX003-A,84,34,52,995.71,0.02,18072,-73,143197,17.82,25.07,27.58,17.82,25.07,27.58,79,79,2933.11,856.39,167.67,13.75,0.98,0.49,17.33,25.33,28.71,17.33,25.33,28.71,79,79,2897.73,800.13,149.53,14.76,4.87,0.25
2023/07/24T04:19:08z,a8:48:fa:ca:a1:15,7.02,2.0+OPENLOG+15980 MB+DS3231+BME280+PMSX003-B+PMSX003-A,85,35,54,995.71,0.02,18072,-73,143317,16.29,23.83,26.53,16.29,23.83,26.53,76,76,2805.00,804.91,167.69,14.17,0.34,0.00,16.49,23.85,27.71,16.49,23.85,27.71,76,76,2759.51,760.45,149.38,13.24,4.25,0.29
2023/07/24T04:21:08z,a8:48:fa:ca:a1:15,7.02,2.0+OPENLOG+15980 MB+DS3231+BME280+PMSX003-B+PMSX003-A,85,34,54,995.72,0.02,18072,-73,143437,16.24,22.87,26.69,16.24,22.87,26.69,74,74,2810.35,804.95,150.55,18.91,0.07,0.07,17.10,23.36,24.56,17.10,23.36,24.56,75,75,2798.95,767.93,135.44,5.15,1.05,1.05
2023/07/24T04:23:08z,a8:48:fa:ca:a1:15,7.02,2.0+OPENLOG+15980 MB+DS3231+BME280+PMSX003-B+PMSX003-A,85,34,53,995.61,0.02,18072,-73,143557,16.29,23.44,27.55,16.29,23.44,27.55,75,75,2785.15,802.65,163.65,18.98,0.84,0.84,16.40,21.72,24.61,16.40,21.72,24.61,72,72,2716.16,732.84,119.11,10.46,4.11,0.25
2023/07/24T04:25:08z,a8:48:fa:ca:a1:15,7.02,2.0+OPENLOG+15980 MB+DS3231+BME280+PMSX003-B+PMSX003-A,85,34,53,995.58,0.02,18072,-73,143677,16.17,23.59,26.57,16.17,23.59,26.57,76,76,2839.76,816.29,160.31,12.52,0.79,0.62,16.51,23.53,28.11,16.51,23.53,28.11,76,76,2761.47,751.81,146.47,11.61,5.89,1.40
2023/07/24T04:27:08z,a8:48:fa:ca:a1:15,7.02,2.0+OPENLOG+15980 MB+DS3231+BME280+PMSX003-B+PMSX003-A,84,33,52,995.59,0.02,18072,-73,143797,15.80,22.24,22.49,15.80,22.24,22.49,73,73,2724.15,771.39,141.12,6.54,0.00,0.00,15.89,22.28,25.72,15.89,22.28,25.72,73,73,2706.79,736.91,128.85,11.58,4.38,0.83
2023/07/24T04:29:08z,a8:48:fa:ca:a1:15,7.02,2.0+OPENLOG+15980 MB+DS3231+BME280+PMSX003-B+PMSX003-A,84,34,53,995.61,0.02,18072,-73,143917,16.30,23.81,26.89,16.30,23.81,26.89,76,76,2817.17,811.20,159.43,14.59,1.63,0.78,16.33,21.97,28.79,16.33,21.97,28.79,72,72,2708.43,751.10,123.34,14.97,9.90,2.34
2023/07/24T04:31:08z,a8:48:fa:ca:a1:15,7.02,2.0+OPENLOG+15980 MB+DS3231+BME280+PMSX003-B+PMSX003-A,84,36,54,995.59,0.02,18072,-74,144037,15.52,21.76,24.31,15.52,21.76,24.31,72,72,2643.44,763.11,153.98,11.63,0.33,0.33,16.04,23.21,26.07,16.04,23.21,26.07,75,75,2675.16,733.86,143.72,11.02,3.58,0.49
2023/07/24T04:33:08z,a8:48:fa:ca:a1:15,7.02,2.0+OPENLOG+15980 MB+DS3231+BME280+PMSX003-B+PMSX003-A,84,35,53,995.60,0.02,18072,-74,144157,15.91,22.46,24.27,15.91,22.46,24.27,73,73,2674.29,778.11,153.21,9.32,0.86,0.86,15.93,22.05,27.48,15.93,22.05,27.48,72,72,2633.95,727.09,127.82,14.21,7.32,2.54
2023/07/24T04:35:08z,a8:48:fa:ca:a1:15,7.02,2.0+OPENLOG+15980 MB+DS3231+BME280+PMSX003-B+PMSX003-A,84,34,53,995.60,0.02,18072,-73,144277,15.60,23.16,26.47,15.60,23.16,26.47,75,75,2715.93,783.95,154.17,16.76,0.76,0.76,16.75,23.73,26.80,16.75,23.73,26.80,76,76,2755.20,762.75,142.58,10.07,4.29,0.73
2023/07/24T04:37:08z,a8:48:fa:ca:a1:15,7.02,2.0+OPENLOG+15980 MB+DS3231+BME280+PMSX003-B+PMSX003-A,84,34,52,995.60,0.02,18072,-74,144397,16.44,22.72,24.26,16.35,22.72,24.26,74,74,2726.47,793.75,146.40,9.61,0.49,0.49,15.95,22.03,24.00,15.95,22.03,24.00,72,72,2717.14,739.37,134.81,6.34,2.54,0.44
2023/07/24T04:39:08z,a8:48:fa:ca:a1:15,7.02,2.0+OPENLOG+15980 MB+DS3231+BME280+PMSX003-B+PMSX003-A,84,35,53,995.57,0.02,18072,-74,144517,16.29,22.78,26.71,16.29,22.78,26.71,74,74,2765.13,790.24,150.82,15.89,1.89,1.64,16.40,23.59,23.86,16.40,23.59,23.86,76,76,2767.76,751.02,126.34,7.14,0.14,0.00
2023/07/24T04:41:07z,a8:48:fa:ca:a1:15,7.02,2.0+OPENLOG+15980 MB+DS3231+BME280+PMSX003-B+PMSX003-A,84,36,54,995.61,0.02,18072,-74,144637,16.18,22.80,25.93,16.18,22.80,25.93,74,74,2724.54,789.43,152.98,15.39,0.39,0.39,16.24,22.62,25.21,16.24,22.62,25.21,74,74,2611.24,724.00,126.40,9.93,2.48,1.31
2023/07/24T04:43:07z,a8:48:fa:ca:a1:15,7.02,2.0+OPENLOG+15980 MB+DS3231+BME280+PMSX003-B+PMSX003-A,84,36,54,995.62,0.02,18072,-74,144757,15.75,22.52,24.89,15.75,22.52,24.89,73,73,2743.98,794.59,148.57,12.75,0.82,0.82,15.59,22.82,28.61,15.59,22.82,28.61,74,74,2619.80,727.41,141.20,16.86,6.25,2.68
2023/07/24T04:45:07z,a8:48:fa:ca:a1:15,7.02,2.0+OPENLOG+15980 MB+DS3231+BME280+PMSX003-B+PMSX003-A,84,35,53,995.61,0.02,18072,-74,144877,14.57,22.07,23.75,14.57,22.07,23.75,72,72,2588.25,745.41,153.62,11.96,0.64,0.32,15.80,23.41,25.16,15.80,23.41,25.16,75,75,2700.80,732.27,129.64,10.61,1.43,0.93
2023/07/24T04:47:19z,a8:48:fa:ca:a1:15,7.02,2.0+OPENLOG+15980 MB+DS3231+BME280+PMSX003-B+PMSX003-A,84,34,53,995.60,0.02,18072,-73,145009,14.86,21.23,25.55,14.86,21.23,25.55,71,71,2549.46,737.79,142.07,19.43,1.21,0.82,15.29,21.93,26.02,15.29,21.93,26.02,72,72,2549.12,701.88,130.79,12.97,6.00,1.28
2023/07/24T04:49:07z,a8:48:fa:ca:a1:15,7.02,2.0+OPENLOG+15980 MB+DS3231+BME280+PMSX003-B+PMSX003-A,84,35,54,995.68,0.02,18072,-73,145117,15.25,21.56,24.05,15.25,21.56,24.05,71,71,2532.65,729.65,146.45,12.55,1.56,1.56,14.68,21.08,24.80,14.68,21.08,24.80,70,70,2461.37,675.85,123.05,12.37,4.54,0.47
2023/07/24T04:51:07z,a8:48:fa:ca:a1:15,7.02,2.0+OPENLOG+15980 MB+DS3231+BME280+PMSX003-B+PMSX003-A,84,37,55,995.67,0.02,18264,-72,145237,14.34,20.84,23.02,14.34,20.84,23.02,70,70,2535.57,722.69,140.67,11.14,1.62,0.76,15.50,21.63,25.72,15.50,21.63,25.72,72,72,2559.44,699.89,138.02,12.74,4.78,0.96
2023/07/24T04:53:07z,a8:48:fa:ca:a1:15,7.02,2.0+OPENLOG+15980 MB+DS3231+BME280+PMSX003-B+PMSX003-A,84,36,54,995.64,0.02,18072,-73,145357,14.97,20.47,21.34,14.97,20.47,21.34,69,69,2511.62,720.53,135.50,5.14,1.31,0.90,15.27,22.62,24.59,15.27,22.62,24.59,74,74,2583.21,709.41,135.36,11.04,1.64,0.50
2023/07/24T04:55:07z,a8:48:fa:ca:a1:15,7.02,2.0+OPENLOG+15980 MB+DS3231+BME280+PMSX003-B+PMSX003-A,84,36,54,995.70,0.02,18072,-73,145477,14.78,21.04,22.55,14.78,21.04,22.55,70,70,2550.82,739.07,137.02,8.62,0.40,0.40,15.52,23.19,26.98,15.52,23.19,26.98,75,75,2582.43,715.05,143.41,14.69,5.24,0.48
2023/07/24T04:57:07z,a8:48:fa:ca:a1:15,7.02,2.0+OPENLOG+15980 MB+DS3231+BME280+PMSX003-B+PMSX003-A,83,37,54,995.72,0.02,18072,-73,145597,14.05,20.40,22.51,14.05,20.40,22.51,69,69,2454.89,706.21,136.56,12.77,0.46,0.32,14.86,21.71,26.43,14.86,21.71,26.43,72,72,2525.48,702.07,132.47,14.38,7.28,0.45
2023/07/24T04:59:07z,a8:48:fa:ca:a1:15,7.02,2.0+OPENLOG+15980 MB+DS3231+BME280+PMSX003-B+PMSX003-A,84,37,55,995.74,0.02,18072,-72,145717,15.00,20.47,22.81,15.00,20.47,22.81,69,69,2514.31,719.19,132.05,12.52,1.21,0.00,14.64,21.33,30.05,14.64,21.33,30.05,71,71,2493.27,688.13,134.62,21.05,12.87,1.75
2023/07/24T05:01:07z,a8:48:fa:ca:a1:15,7.02,2.0+OPENLOG+15980 MB+DS3231+BME280+PMSX003-B+PMSX003-A,84,36,54,995.81,0.02,18072,-72,145837,15.25,21.52,23.38,15.25,21.52,23.38,71,71,2563.50,745.82,143.88,11.14,0.96,0.46,15.08,21.94,29.38,15.08,21.94,29.38,72,72,2476.75,691.92,134.15,20.26,10.87,1.36
2023/07/24T05:03:08z,a8:48:fa:ca:a1:15,7.02,2.0+OPENLOG+15980 MB+DS3231+BME280+PMSX003-B+PMSX003-A,84,36,54,995.76,0.02,17904,-73,145957,15.02,21.05,23.22,15.02,21.05,23.22,70,70,2531.89,735.98,142.36,11.05,1.27,0.44,14.58,21.63,27.02,14.58,21.63,27.02,72,72,2465.16,680.07,132.70,16.14,8.04,0.53
2023/07/24T05:05:08z,a8:48:fa:ca:a1:15,7.02,2.0+OPENLOG+15980 MB+DS3231+BME280+PMSX003-B+PMSX003-A,84,35,54,995.79,0.02,17904,-72,146077,14.15,20.39,21.90,14.15,20.39,21.90,69,69,2435.34,708.85,133.97,8.98,0.44,0.14,14.24,19.67,21.54,14.24,19.67,21.54,67,67,2368.00,638.41,111.41,8.74,1.70,1.33
2023/07/24T05:07:08z,a8:48:fa:ca:a1:15,7.02,2.0+OPENLOG+15980 MB+DS3231+BME280+PMSX003-B+PMSX003-A,83,37,54,995.72,0.02,18072,-72,146197,13.48,19.02,21.05,13.48,19.02,21.05,66,66,2370.10,671.16,119.21,12.03,1.52,0.83,14.11,19.68,23.74,14.11,19.68,23.74,67,67,2402.16,657.25,119.46,10.63,5.47,0.63
2023/07/24T05:09:08z,a8:48:fa:ca:a1:15,7.02,2.0+OPENLOG+15980 MB+DS3231+BME280+PMSX003-B+PMSX003-A,83,38,54,995.74,0.02,18072,-72,146317,13.48,19.17,19.78,13.48,19.17,19.78,66,66,2394.89,680.39,115.31,6.93,0.44,0.44,15.05,21.68,25.30,15.05,21.68,25.30,72,72,2474.32,679.16,128.26,14.25,4.14,1.61
2023/07/24T05:11:08z,a8:48:fa:ca:a1:15,7.02,2.0+OPENLOG+15980 MB+DS3231+BME280+PMSX003-B+PMSX003-A,83,37,54,995.75,0.02,18072,-72,146437,14.38,20.36,23.02,14.38,20.36,23.02,69,69,2510.55,709.25,140.81,13.32,0.75,0.42,14.81,20.47,24.00,14.81,20.47,24.00,69,69,2438.24,658.61,118.69,11.69,4.61,2.54
2023/07/24T05:13:08z,a8:48:fa:ca:a1:15,7.02,2.0+OPENLOG+15980 MB+DS3231+BME280+PMSX003-B+PMSX003-A,83,37,54,995.79,0.02,18072,-73,146557,13.82,19.12,20.35,13.82,19.12,20.35,66,66,2394.42,681.86,127.25,8.04,0.07,0.00,14.11,19.18,21.57,14.11,19.18,21.57,66,66,2394.54,654.30,105.21,8.61,2.50,1.64
2023/07/24T05:15:08z,a8:48:fa:ca:a1:15,7.02,2.0+OPENLOG+15980 MB+DS3231+BME280+PMSX003-B+PMSX003-A,83,39,55,995.76,0.02,17840,-72,146677,13.80,19.48,21.77,13.80,19.48,21.77,67,67,2446.45,693.25,129.57,10.89,1.18,0.68,14.56,20.49,23.81,14.56,20.49,23.81,69,69,2400.68,665.65,114.77,12.77,3.47,1.33
2023/07/24T05:17:08z,a8:48:fa:ca:a1:15,7.02,2.0+OPENLOG+15980 MB+DS3231+BME280+PMSX003-B+PMSX003-A,83,38,55,995.79,0.02,17840,-73,146797,13.91,19.62,21.55,13.91,19.62,21.55,67,67,2327.07,687.27,130.40,10.29,0.84,0.36,13.79,19.52,21.07,13.79,19.52,21.07,67,67,2333.95,640.14,116.19,7.34,2.14,0.00
2023/07/24T05:19:08z,a8:48:fa:ca:a1:15,7.02,2.0+OPENLOG+15980 MB+DS3231+BME280+PMSX003-B+PMSX003-A,83,38,54,995.76,0.02,17840,-73,146917,13.87,19.98,22.04,13.87,19.98,22.04,68,68,2402.73,691.22,136.18,8.91,1.09,1.09,14.32,19.61,25.39,14.32,19.61,25.39,67,67,2479.82,663.46,123.64,13.86,7.54,0.43
2023/07/24T05:21:08z,a8:48:fa:ca:a1:15,7.02,2.0+OPENLOG+15980 MB+DS3231+BME280+PMSX003-B+PMSX003-A,83,39,55,995.78,0.02,17840,-72,147037,14.00,19.93,23.93,14.00,19.93,23.93,68,68,2430.26,708.37,144.53,14.35,0.98,0.81,14.11,19.09,22.63,14.11,19.09,22.63,66,66,2362.68,640.86,106.68,12.11,4.04,0.84
2023/07/24T05:23:08z,a8:48:fa:ca:a1:15,7.02,2.0+OPENLOG+15980 MB+DS3231+BME280+PMSX003-B+PMSX003-A,83,39,55,995.81,0.02,17840,-73,147157,13.74,19.78,22.43,13.74,19.78,22.43,68,68,2432.64,695.33,130.90,12.21,1.28,1.10,14.13,19.31,20.60,14.13,19.31,20.60,67,67,2418.82,652.75,102.36,5.89,1.64,1.02
2023/07/24T05:25:08z,a8:48:fa:ca:a1:15,7.02,2.0+OPENLOG+15980 MB+DS3231+BME280+PMSX003-B+PMSX003-A,84,38,56,995.81,0.02,17216,-70,147277,13.64,20.04,21.20,13.64,20.04,21.20,68,68,2410.42,686.84,141.47,8.04,1.85,0.58,13.92,18.93,21.80,13.92,18.93,21.80,66,66,2302.27,624.64,109.76,8.34,3.08,2.17
2023/07/24T05:27:08z,a8:48:fa:ca:a1:15,7.02,2.0+OPENLOG+15980 MB+DS3231+BME280+PMSX003-B+PMSX003-A,84,37,55,995.76,0.02,17840,-73,147397,13.58,19.47,21.38,13.58,19.47,21.38,67,67,2326.09,668.02,130.05,11.38,0.95,0.87,13.88,19.31,24.29,13.88,19.31,24.29,67,67,2290.50,634.14,116.12,14.34,6.90,1.31
2023/07/24T05:29:08z,a8:48:fa:ca:a1:15,7.02,2.0+OPENLOG+15980 MB+DS3231+BME280+PMSX003-B+PMSX003-A,83,37,54,995.77,0.02,17840,-73,147517,13.27,18.88,18.97,13.27,18.88,18.97,66,66,2231.29,644.80,120.54,6.14,0.17,0.17,14.45,20.18,24.79,14.45,20.18,24.79,68,68,2394.00,658.02,118.71,14.29,5.86,1.82
2023/07/24T05:31:08z,a8:48:fa:ca:a1:15,7.02,2.0+OPENLOG+15980 MB+DS3231+BME280+PMSX003-B+PMSX003-A,83,39,55,995.79,0.02,17840,-73,147637,13.46,19.28,22.89,13.46,19.28,22.89,67,67,2310.42,671.53,131.18,14.25,1.89,0.77,14.00,19.94,24.04,14.00,19.94,24.04,68,68,2395.19,646.89,118.19,13.09,5.77,1.36
2023/07/24T05:33:08z,a8:48:fa:ca:a1:15,7.02,2.0+OPENLOG+15980 MB+DS3231+BME280+PMSX003-B+PMSX003-A,83,38,55,995.76,0.02,17840,-70,147757,13.65,19.86,22.77,13.65,19.86,22.77,68,68,2298.11,671.95,134.74,15.02,0.91,0.91,14.05,19.38,22.43,14.05,19.38,22.43,67,67,2299.14,639.88,115.90,9.10,4.24,0.93
2023/07/24T05:35:08z,a8:48:fa:ca:a1:15,7.02,2.0+OPENLOG+15980 MB+DS3231+BME280+PMSX003-B+PMSX003-A,83,38,55,995.79,0.02,17840,-70,147877,13.42,19.07,22.87,13.42,19.07,22.87,66,66,2284.09,661.00,142.78,15.82,0.55,0.55,13.95,19.67,20.10,13.95,19.67,20.10,67,67,2309.84,635.03,119.40,5.93,0.52,0.00
2023/07/24T05:37:08z,a8:48:fa:ca:a1:15,7.02,2.0+OPENLOG+15980 MB+DS3231+BME280+PMSX003-B+PMSX003-A,83,39,55,995.81,0.02,17840,-70,147997,13.93,19.74,20.86,13.93,19.74,20.86,67,67,2411.84,701.49,135.61,7.05,0.14,0.00,13.28,18.79,23.53,13.28,18.79,23.53,65,65,2275.11,621.12,117.25,14.00,6.18,1.89
2023/07/24T05:39:08z,a8:48:fa:ca:a1:15,7.02,2.0+OPENLOG+15980 MB+DS3231+BME280+PMSX003-B+PMSX003-A,83,39,55,995.77,0.02,17840,-71,148117,13.67,19.81,20.75,13.67,19.81,20.75,68,68,2328.21,672.96,139.02,7.47,1.19,0.88,13.20,18.78,20.93,13.20,18.78,20.93,65,65,2256.76,614.42,107.49,8.87,2.25,1.16
2023/07/24T05:41:08z,a8:48:fa:ca:a1:15,7.02,2.0+OPENLOG+15980 MB+DS3231+BME280+PMSX003-B+PMSX003-A,83,38,55,995.80,0.02,17840,-70,148237,13.79,19.86,20.55,13.79,19.86,20.55,68,68,2394.70,688.48,123.11,7.96,0.89,0.36,13.37,18.42,20.44,13.37,18.42,20.44,65,65,2254.53,617.56,107.68,9.61,1.51,0.39
2023/07/24T05:43:08z,a8:48:fa:ca:a1:15,7.02,2.0+OPENLOG+15980 MB+DS3231+BME280+PMSX003-B+PMSX003-A,83,37,54,995.74,0.02,17840,-70,148357,13.09,18.40,19.93,13.09,18.40,19.93,65,65,2214.84,642.77,134.00,8.35,0.46,0.46,13.81,19.86,23.38,13.81,19.86,23.38,68,68,2286.83,637.86,122.41,13.59,3.97,0.41
2023/07/24T05:45:08z,a8:48:fa:ca:a1:15,7.02,2.0+OPENLOG+15980 MB+DS3231+BME280+PMSX003-B+PMSX003-A,83,39,55,995.72,0.02,17840,-73,148477,13.41,18.79,20.55,13.41,18.79,20.55,65,65,2297.95,662.96,130.05,8.25,0.68,0.68,13.33,17.53,18.05,13.33,17.53,18.05,63,63,2191.32,596.72,92.63,5.82,0.67,0.14
2023/07/24T05:47:08z,a8:48:fa:ca:a1:15,7.02,2.0+OPENLOG+15980 MB+DS3231+BME280+PMSX003-B+PMSX003-A,83,39,55,995.74,0.02,17840,-73,148597,12.91,17.96,19.95,12.91,17.96,19.95,64,64,2292.05,649.14,119.84,8.84,1.37,0.49,13.07,18.36,19.29,13.07,18.36,19.29,65,65,2206.39,612.18,105.89,6.25,0.36,0.36
2023/07/24T05:49:08z,a8:48:fa:ca:a1:15,7.02,2.0+OPENLOG+15980 MB+DS3231+BME280+PMSX003-B+PMSX003-A,83,38,54,995.72,0.02,17840,-73,148717,13.17,17.64,17.98,13.17,17.64,17.98,63,63,2121.47,624.62,115.62,4.48,0.34,0.34,12.66,18.96,21.09,12.66,18.96,21.09,66,66,2207.14,600.75,117.39,11.14,2.04,0.82
2023/07/24T05:51:08z,a8:48:fa:ca:a1:15,7.02,2.0+OPENLOG+15980 MB+DS3231+BME280+PMSX003-B+PMSX003-A,83,39,55,995.70,0.02,17840,-73,148837,11.73,17.29,18.56,11.73,17.29,18.56,62,62,2121.11,606.71,121.47,7.67,0.00,0.00,12.48,18.26,21.48,12.48,18.26,21.48,64,64,2170.71,589.55,121.53,9.10,4.55,0.52
2023/07/24T05:53:08z,a8:48:fa:ca:a1:15,7.02,2.0+OPENLOG+15980 MB+DS3231+BME280+PMSX003-B+PMSX003-A,83,39,55,995.67,0.02,17840,-72,148957,12.76,18.78,20.91,12.76,18.78,20.91,65,65,2246.07,641.51,118.80,12.95,0.80,0.00,13.33,19.41,24.57,13.33,19.41,24.57,67,67,2247.72,625.84,127.98,14.97,6.00,1.34
2023/07/24T05:55:08z,a8:48:fa:ca:a1:15,7.02,2.0+OPENLOG+15980 MB+DS3231+BME280+PMSX003-B+PMSX003-A,83,38,55,995.69,0.02,17840,-73,149077,12.46,17.63,19.76,12.46,17.63,19.76,63,63,2138.75,621.83,118.29,9.90,1.08,0.14,12.73,18.02,22.07,12.73,18.02,22.07,64,64,2195.04,598.25,112.55,10.14,5.14,1.86
2023/07/24T05:57:08z,a8:48:fa:ca:a1:15,7.02,2.0+OPENLOG+15980 MB+DS3231+BME280+PMSX003-B+PMSX003-A,83,37,54,995.67,0.02,17840,-73,149197,13.16,18.48,22.28,13.16,18.48,22.28,65,65,2310.16,663.95,128.59,16.69,1.17,0.79,13.04,18.07,20.38,13.04,18.07,20.38,64,64,2122.09,596.87,109.31,8.44,1.24,0.44
2023/07/24T05:59:08z,a8:48:fa:ca:a1:15,7.02,2.0+OPENLOG+15980 MB+DS3231+BME280+PMSX003-B+PMSX003-A,83,39,55,995.70,0.02,17840,-73,149317,12.46,17.02,20.00,12.46,17.02,20.00,62,62,2129.41,606.98,110.23,12.82,1.89,1.18,13.05,17.78,19.28,13.05,17.78,19.28,63,63,2139.67,587.29,97.19,8.34,1.66,0.86
2023/07/24T06:01:08z,a8:48:fa:ca:a1:15,7.02,2.0+OPENLOG+15980 MB+DS3231+BME280+PMSX003-B+PMSX003-A,83,39,55,995.66,0.02,17840,-72,149437,12.73,18.36,19.58,12.73,18.36,19.58,65,65,2201.29,635.22,127.04,7.53,0.18,0.00,12.84,18.36,20.31,12.84,18.36,20.31,65,65,2163.47,598.40,112.14,8.97,1.79,0.86
2023/07/24T06:03:09z,a8:48:fa:ca:a1:15,7.02,2.0+OPENLOG+15980 MB+DS3231+BME280+PMSX003-B+PMSX003-A,83,37,54,995.63,0.02,17672,-73,149558,12.29,17.84,20.16,12.29,17.84,20.16,63,63,2128.19,608.22,118.74,10.90,1.45,0.97,12.66,18.21,23.73,12.66,18.21,23.73,64,64,2207.84,597.14,117.41,13.04,8.21,1.21
2023/07/24T06:05:09z,a8:48:fa:ca:a1:15,7.02,2.0+OPENLOG+15980 MB+DS3231+BME280+PMSX003-B+PMSX003-A,83,37,54,995.71,0.02,17672,-72,149678,12.26,17.36,19.17,12.26,17.36,19.17,62,62,2167.92,626.36,112.09,9.77,0.87,0.79,12.81,17.41,19.22,12.81,17.41,19.22,63,63,2150.59,583.44,98.19,7.42,1.80,1.15
2023/07/24T06:07:09z,a8:48:fa:ca:a1:15,7.02,2.0+OPENLOG+15980 MB+DS3231+BME280+PMSX003-B+PMSX003-A,83,38,55,995.67,0.02,17840,-73,149798,12.91,18.53,21.02,12.91,18.53,21.02,65,65,2202.27,634.89,120.24,13.09,1.89,1.45,13.18,18.14,19.63,13.18,18.14,19.63,64,64,2166.63,594.21,108.67,7.89,0.91,0.46
2023/07/24T06:09:09z,a8:48:fa:ca:a1:15,7.02,2.0+OPENLOG+15980 MB+DS3231+BME280+PMSX003-B+PMSX003-A,83,38,55,995.69,0.02,17840,-72,149918,12.90,18.05,18.59,12.90,18.05,18.59,64,64,2161.63,622.81,111.00,5.39,0.44,0.00,13.32,18.30,21.77,13.32,18.30,21.77,64,64,2181.32,603.09,117.30,9.04,3.18,3.18
2023/07/24T06:11:09z,a8:48:fa:ca:a1:15,7.02,2.0+OPENLOG+15980 MB+DS3231+BME280+PMSX003-B+PMSX003-A,83,38,54,995.71,0.02,17840,-72,150038,13.36,19.07,21.51,13.36,19.07,21.51,66,66,2258.49,662.58,126.51,12.17,1.56,1.15,13.36,19.46,21.57,13.36,19.46,21.57,67,67,2294.20,619.39,105.95,11.04,2.21,0.89
2023/07/24T06:13:09z,a8:48:fa:ca:a1:15,7.02,2.0+OPENLOG+15980 MB+DS3231+BME280+PMSX003-B+PMSX003-A,83,37,54,995.69,0.02,17840,-72,150158,12.43,18.41,21.19,12.43,18.41,21.19,65,65,2171.83,618.63,130.69,16.19,0.22,0.00,12.46,17.35,20.68,12.46,17.35,20.68,62,62,2124.84,577.60,105.05,10.07,4.42,0.35
2023/07/24T06:15:09z,a8:48:fa:ca:a1:15,7.02,2.0+OPENLOG+15980 MB+DS3231+BME280+PMSX003-B+PMSX003-A,83,38,55,995.72,0.02,17840,-75,150278,12.57,18.84,20.34,12.57,18.84,20.34,66,66,2249.62,648.57,131.34,10.79,0.39,0.25,12.54,18.53,20.70,12.54,18.53,20.70,65,65,2131.79,580.18,111.39,12.67,2.53,0.00
2023/07/24T06:17:09z,a8:48:fa:ca:a1:15,7.02,2.0+OPENLOG+15980 MB+DS3231+BME280+PMSX003-B+PMSX003-A,83,38,55,995.68,0.02,17840,-75,150398,12.40,18.10,21.95,12.40,18.10,21.95,64,64,2190.62,628.38,128.17,17.03,1.24,0.48,12.74,18.44,24.72,12.74,18.44,24.72,65,65,2161.72,594.09,112.81,16.19,8.78,0.78
2023/07/24T06:19:09z,a8:48:fa:ca:a1:15,7.02,2.0+OPENLOG+15980 MB+DS3231+BME280+PMSX003-B+PMSX003-A,83,38,54,995.63,0.02,17840,-75,150518,12.49,17.49,19.96,12.49,17.49,19.96,63,63,2242.89,637.81,109.28,10.11,1.54,1.05,12.46,16.88,18.84,12.46,16.88,18.84,61,61,2028.70,564.14,89.73,6.36,2.25,1.32
2023/07/24T06:21:09z,a8:48:fa:ca:a1:15,7.02,2.0+OPENLOG+15980 MB+DS3231+BME280+PMSX003-B+PMSX003-A,83,37,54,995.65,0.02,17840,-75,150638,12.95,17.93,19.27,12.95,17.93,19.27,64,64,2200.45,628.98,101.91,10.18,1.36,0.00,12.78,18.51,19.95,12.78,18.51,19.95,65,65,2136.66,597.98,104.19,7.59,1.66,0.44
2023/07/24T06:23:09z,a8:48:fa:ca:a1:15,7.02,2.0+OPENLOG+15980 MB+DS3231+BME280+PMSX003-B+PMSX003-A,83,38,55,995.71,0.02,17840,-75,150758,12.42,18.15,20.44,12.42,18.15,20.44,64,64,2231.73,631.15,128.09,11.16,1.31,1.31,12.63,18.82,24.46,12.63,18.82,24.46,66,66,2148.89,590.63,121.91,15.23,6.91,2.60
2023/07/24T06:25:09z,a8:48:fa:ca:a1:15,7.02,2.0+OPENLOG+15980 MB+DS3231+BME280+PMSX003-B+PMSX003-A,83,39,55,995.68,0.02,17672,-76,150878,13.00,17.73,19.43,13.00,17.73,19.43,63,63,2215.39,636.23,124.20,8.32,0.61,0.46,13.02,18.14,21.44,13.02,18.14,21.44,64,64,2151.00,593.05,105.46,10.95,3.02,1.93
2023/07/24T06:27:09z,a8:48:fa:ca:a1:15,7.02,2.0+OPENLOG+15980 MB+DS3231+BME280+PMSX003-B+PMSX003-A,83,38,55,995.66,0.02,17840,-74,150998,12.51,16.78,17.17,12.51,16.78,17.17,61,61,2130.20,613.32,111.59,2.14,0.51,0.51,12.80,17.88,17.93,12.80,17.88,17.93,64,64,2184.59,597.48,96.25,5.79,0.07,0.07
2023/07/24T06:29:09z,a8:48:fa:ca:a1:15,7.02,2.0+OPENLOG+15980 MB+DS3231+BME280+PMSX003-B+PMSX003-A,83,39,55,995.66,0.02,17840,-75,151118,12.73,17.95,19.96,12.73,17.95,19.96,64,64,2196.27,636.76,126.15,8.04,1.42,0.91,12.84,17.83,20.41,12.84,17.83,20.41,63,63,2130.05,583.98,99.33,11.07,4.03,0.00
2023/07/24T06:31:09z,a8:48:fa:ca:a1:15,7.02,2.0+OPENLOG+15980 MB+DS3231+BME280+PMSX003-B+PMSX003-A,83,39,55,995.61,0.02,17840,-75,151238,13.15,18.17,19.72,13.15,18.17,19.72,64,64,2270.39,652.20,126.06,6.85,0.00,0.00,13.11,18.61,23.04,13.11,18.61,23.04,65,65,2220.47,619.96,108.00,12.35,5.65,1.40
2023/07/24T06:33:09z,a8:48:fa:ca:a1:15,7.02,2.0+OPENLOG+15980 MB+DS3231+BME280+PMSX003-B+PMSX003-A,83,38,55,995.65,0.02,17840,-72,151358,12.81,16.98,19.58,12.81,16.98,19.58,62,62,2220.11,630.61,116.88,10.53,0.84,0.84,12.89,17.47,20.56,12.89,17.47,20.56,63,63,2150.53,586.11,102.04,9.65,3.96,0.32
2023/07/24T06:35:09z,a8:48:fa:ca:a1:15,7.02,2.0+OPENLOG+15980 MB+DS3231+BME280+PMSX003-B+PMSX003-A,83,39,56,995.63,0.02,17840,-72,151478,12.19,17.21,19.09,12.19,17.21,19.09,62,62,2098.45,603.83,112.76,9.79,2.14,1.28,12.61,17.54,18.46,12.61,17.54,18.46,63,63,2148.64,588.21,99.84,6.25,0.64,0.14
2023/07/24T06:37:09z,a8:48:fa:ca:a1:15,7.02,2.0+OPENLOG+15980 MB+DS3231+BME280+PMSX003-B+PMSX003-A,83,39,55,995.62,0.02,17840,-73,151598,12.02,17.77,21.34,12.02,17.77,21.34,63,63,2191.88,628.70,117.84,15.96,2.00,1.00,12.50,17.55,20.74,12.50,17.55,20.74,63,63,2110.81,579.95,109.33,9.55,3.10,1.83
2023/07/24T06:39:09z,a8:48:fa:ca:a1:15,7.02,2.0+OPENLOG+15980 MB+DS3231+BME280+PMSX003-B+PMSX003-A,83,38,55,995.57,0.02,17840,-73,151718,12.80,17.13,19.39,12.80,17.13,19.39,62,62,2180.44,624.63,108.76,8.33,2.00,1.59,13.10,18.55,20.09,13.10,18.55,20.09,65,65,2195.02,597.21,103.60,7.72,1.48,0.97
2023/07/24T06:41:10z,a8:48:fa:ca:a1:15,7.02,2.0+OPENLOG+15980 MB+DS3231+BME280+PMSX003-B+PMSX003-A,82,39,54,995.53,0.02,17840,-73,151838,14.09,19.84,22.58,14.09,19.84,22.58,68,68,2379.32,699.33,128.96,9.65,1.82,1.82,12.44,17.65,19.49,12.44,17.65,19.49,63,63,2131.89,579.72,103.68,8.18,2.04,0.70
2023/07/24T06:43:10z,a8:48:fa:ca:a1:15,7.02,2.0+OPENLOG+15980 MB+DS3231+BME280+PMSX003-B+PMSX003-A,83,40,56,995.52,0.02,17840,-74,151958,13.19,18.60,19.65,13.19,18.60,19.65,65,65,2276.84,654.49,122.61,8.56,0.42,0.00,13.09,18.52,25.25,13.09,18.52,25.25,65,65,2218.34,604.11,111.91,15.89,9.18,2.57
2023/07/24T06:45:10z,a8:48:fa:ca:a1:15,7.02,2.0+OPENLOG+15980 MB+DS3231+BME280+PMSX003-B+PMSX003-A,83,39,55,995.53,0.02,17840,-74,152078,11.84,17.74,19.28,11.84,17.74,19.28,63,63,2106.47,598.12,123.84,12.35,0.28,0.00,13.38,19.02,20.46,13.38,19.02,20.46,66,66,2198.62,618.75,107.64,10.54,0.79,0.36
2023/07/24T06:47:10z,a8:48:fa:ca:a1:15,7.02,2.0+OPENLOG+15980 MB+DS3231+BME280+PMSX003-B+PMSX003-A,82,40,55,995.50,0.02,17840,-75,152198,12.25,18.04,20.29,12.25,18.04,20.29,64,64,2194.82,633.23,124.93,11.43,0.36,0.36,13.12,17.92,19.20,13.12,17.92,19.20,64,64,2249.95,603.88,100.66,7.42,1.46,0.00
2023/07/24T06:49:10z,a8:48:fa:ca:a1:15,7.02,2.0+OPENLOG+15980 MB+DS3231+BME280+PMSX003-B+PMSX003-A,83,39,56,995.47,0.02,17840,-74,152318,12.79,18.09,21.04,12.79,18.09,21.04,64,64,2241.16,645.86,133.64,10.57,1.71,1.18,13.03,18.44,20.41,13.03,18.44,20.41,65,65,2306.34,614.25,100.29,8.10,2.27,1.02
2023/07/24T06:51:10z,a8:48:fa:ca:a1:15,7.02,2.0+OPENLOG+15980 MB+DS3231+BME280+PMSX003-B+PMSX003-A,82,39,55,995.50,0.02,17840,-74,152438,13.07,18.95,22.10,13.07,18.95,22.10,66,66,2274.05,658.42,129.92,15.05,0.85,0.17,12.91,18.12,21.25,12.91,18.12,21.25,64,64,2116.18,589.05,105.18,10.79,2.75,2.68
2023/07/24T06:53:10z,a8:48:fa:ca:a1:15,7.02,2.0+OPENLOG+15980 MB+DS3231+BME280+PMSX003-B+PMSX003-A,82,40,55,995.51,0.02,17840,-74,152558,13.61,18.95,21.40,13.61,18.95,21.40,66,66,2295.84,668.26,131.21,9.82,1.93,0.84,13.75,19.48,21.14,13.75,19.48,21.14,67,67,2269.71,625.89,110.54,7.57,1.54,0.29
2023/07/24T06:55:10z,a8:48:fa:ca:a1:15,7.02,2.0+OPENLOG+15980 MB+DS3231+BME280+PMSX003-B+PMSX003-A,83,39,55,995.52,0.02,17840,-74,152678,13.39,18.02,21.04,13.39,18.02,21.04,64,64,2277.05,663.77,117.91,9.16,2.39,1.72,12.19,17.59,18.95,12.19,17.59,18.95,63,63,2127.26,574.00,99.21,8.59,0.59,0.31
2023/07/24T06:57:10z,a8:48:fa:ca:a1:15,7.02,2.0+OPENLOG+15980 MB+DS3231+BME280+PMSX003-B+PMSX003-A,82,39,55,995.51,0.02,17840,-74,152798,12.96,18.61,22.52,12.96,18.61,22.52,65,65,2267.94,641.96,131.57,16.00,1.41,0.78,12.53,17.66,20.02,12.53,17.66,20.02,63,63,2158.98,580.37,103.22,9.90,3.25,0.00
2023/07/24T06:59:10z,a8:48:fa:ca:a1:15,7.02,2.0+OPENLOG+15980 MB+DS3231+BME280+PMSX003-B+PMSX003-A,82,40,55,995.53,0.02,17840,-73,152918,12.74,18.51,19.91,12.74,18.51,19.91,65,65,2234.00,642.93,116.84,10.56,0.91,0.46,12.84,17.77,22.48,12.84,17.77,22.48,63,63,2228.95,603.75,106.59,11.46,6.04,1.71
2023/07/24T07:01:10z,a8:48:fa:ca:a1:15,7.02,2.0+OPENLOG+15980 MB+DS3231+BME280+PMSX003-B+PMSX003-A,83,39,55,995.54,0.02,17840,-74,153038,12.07,17.95,18.58,12.07,17.95,18.58,64,64,2141.32,612.30,122.61,8.74,0.98,0.53,12.88,17.98,23.57,12.88,17.98,23.57,64,64,2192.41,605.05,108.55,13.54,7.71,1.43
2023/07/24T07:03:11z,a8:48:fa:ca:a1:15,7.02,2.0+OPENLOG+15980 MB+DS3231+BME280+PMSX003-B+PMSX003-A,82,40,55,995.50,0.02,17672,-74,153159,12.16,16.77,17.18,12.16,16.77,17.18,61,61,2165.68,619.40,111.75,3.61,0.35,0.35,12.09,17.77,21.00,12.09,17.77,21.00,63,63,2026.95,561.74,104.81,11.96,3.30,0.91
2023/07/24T07:05:11z,a8:48:fa:ca:a1:15,7.02,2.0+OPENLOG+15980 MB+DS3231+BME280+PMSX003-B+PMSX003-A,82,40,55,995.47,0.02,17672,-73,153279,11.69,17.24,17.93,11.69,17.24,17.93,62,62,2118.81,615.36,119.58,6.07,0.17,0.00,11.85,16.47,21.06,11.85,16.47,21.06,61,61,2050.58,559.89,96.87,11.28,6.15,2.34
2023/07/24T07:07:11z,a8:48:fa:ca:a1:15,7.02,2.0+OPENLOG+15980 MB+DS3231+BME280+PMSX003-B+PMSX003-A,82,40,55,995.46,0.02,17840,-73,153399,12.88,18.31,20.83,12.88,18.31,20.83,64,64,2261.79,653.64,123.12,9.48,1.10,0.90,12.79,17.11,18.21,12.79,17.11,18.21,62,62,2084.68,574.89,86.86,6.82,1.39,0.93
2023/07/24T07:09:11z,a8:48:fa:ca:a1:15,7.02,2.0+OPENLOG+15980 MB+DS3231+BME280+PMSX003-B+PMSX003-A,82,41,56,995.46,0.02,17840,-72,153519,11.77,16.27,16.88,11.77,16.27,16.88,60,60,2016.21,578.12,104.70,4.82,0.93,0.54,12.21,17.16,19.90,12.21,17.16,19.90,62,62,2059.09,566.50,100.79,9.93,2.52,2.17
2023/07/24T07:11:11z,a8:48:fa:ca:a1:15,7.02,2.0+OPENLOG+15980 MB+DS3231+BME280+PMSX003-B+PMSX003-A,82,41,56,995.42,0.02,17840,-72,153639,12.34,17.73,20.11,12.34,17.73,20.11,63,63,2181.70,629.16,124.54,11.04,1.32,0.96,12.47,18.33,18.98,12.47,18.33,18.98,64,64,2158.71,582.59,108.74,6.59,0.76,0.28
2023/07/24T07:13:11z,a8:48:fa:ca:a1:15,7.02,2.0+OPENLOG+15980 MB+DS3231+BME280+PMSX003-B+PMSX003-A,82,41,56,995.40,0.02,17840,-72,153759,12.26,17.61,18.05,12.26,17.61,18.05,63,63,2171.68,613.33,121.95,6.91,0.46,0.00,11.64,16.09,17.61,11.64,16.09,17.61,60,60,1961.84,545.39,98.57,6.00,0.93,0.50
2023/07/24T07:15:11z,a8:48:fa:ca:a1:15,7.02,2.0+OPENLOG+15980 MB+DS3231+BME280+PMSX003-B+PMSX003-A,83,41,57,995.37,0.02,17840,-72,153879,11.72,16.23,19.05,11.72,16.23,19.05,60,60,2039.11,583.18,111.95,11.79,0.53,0.53,11.43,15.46,15.46,11.43,15.46,15.46,58,58,1944.48,525.50,83.75,3.50,0.00,0.00
2023/07/24T07:17:11z,a8:48:fa:ca:a1:15,7.02,2.0+OPENLOG+15980 MB+DS3231+BME280+PMSX003-B+PMSX003-A,83,41,57,995.36,0.02,17840,-72,153999,11.02,15.98,17.24,11.02,15.98,17.24,59,59,1967.51,567.40,104.75,8.51,0.00,0.00,11.46,16.44,21.73,11.46,16.44,21.73,60,60,2008.42,540.15,98.73,15.32,7.66,0.85
2023/07/24T07:19:11z,a8:48:fa:ca:a1:15,7.02,2.0+OPENLOG+15980 MB+DS3231+BME280+PMSX003-B+PMSX003-A,83,41,57,995.39,0.02,17840,-71,154119,11.41,15.80,16.07,11.41,15.80,16.07,59,59,1955.72,567.74,99.37,4.19,0.44,0.00,11.41,16.08,18.08,11.41,16.08,18.08,60,60,1939.88,528.68,96.98,7.08,2.88,0.68
2023/07/24T07:21:11z,a8:48:fa:ca:a1:15,7.02,2.0+OPENLOG+15980 MB+DS3231+BME280+PMSX003-B+PMSX003-A,83,41,57,995.32,0.02,17840,-70,154239,12.10,16.71,17.36,12.10,16.71,17.36,61,61,1975.37,574.05,98.34,7.46,1.05,0.34,11.05,15.57,20.20,11.05,15.57,20.20,59,59,1927.34,525.20,96.88,11.68,7.07,1.14
2023/07/24T07:23:11z,a8:48:fa:ca:a1:15,7.02,2.0+OPENLOG+15980 MB+DS3231+BME280+PMSX003-B+PMSX003-A,83,41,57,995.30,0.02,17840,-70,154359,11.45,15.95,17.78,11.45,15.95,17.78,59,59,1975.60,562.71,104.72,9.21,0.55,0.55,10.49,15.51,18.53,10.49,15.51,18.53,58,58,1878.87,502.42,93.76,10.07,4.33,0.69
2023/07/24T07:25:11z,a8:48:fa:ca:a1:15,7.02,2.0+OPENLOG+15980 MB+DS3231+BME280+PMSX003-B+PMSX003-A,83,41,56,995.29,0.02,17840,-70,154479,11.18,16.04,18.05,11.18,16.04,18.05,60,60,1978.36,567.09,104.09,10.98,0.87,0.76,11.37,15.68,16.68,11.37,15.68,16.68,59,59,1927.73,523.20,85.31,6.10,1.22,0.88
2023/07/24T07:27:11z,a8:48:fa:ca:a1:15,7.02,2.0+OPENLOG+15980 MB+DS3231+BME280+PMSX003-B+PMSX003-A,83,40,56,995.23,0.02,17840,-71,154599,10.93,15.72,18.63,10.93,15.72,18.63,59,59,1909.06,537.91,108.39,15.70,0.19,0.00,10.19,15.49,16.46,10.19,15.49,16.46,58,58,1807.22,496.64,88.15,8.47,0.95,0.68
2023/07/24T07:29:11z,a8:48:fa:ca:a1:15,7.02,2.0+OPENLOG+15980 MB+DS3231+BME280+PMSX003-B+PMSX003-A,83,40,56,995.27,0.02,17840,-71,154719,10.31,13.88,15.93,10.31,13.88,15.93,55,55,1834.09,519.98,90.41,9.93,0.24,0.24,10.77,15.79,17.75,10.77,15.79,17.75,59,59,1866.37,514.58,97.91,9.12,2.00,1.37
2023/07/24T07:31:11z,a8:48:fa:ca:a1:15,7.02,2.0+OPENLOG+15980 MB+DS3231+BME280+PMSX003-B+PMSX003-A,83,40,56,995.20,0.02,17840,-72,154839,10.02,15.05,18.14,10.02,15.05,18.14,58,58,1837.23,524.09,107.21,13.96,0.93,0.93,9.87,14.93,15.40,9.87,14.93,15.40,57,57,1734.44,477.58,85.62,5.20,0.51,0.51
2023/07/24T07:33:11z,a8:48:fa:ca:a1:15,7.02,2.0+OPENLOG+15980 MB+DS3231+BME280+PMSX003-B+PMSX003-A,83,40,56,995.08,0.02,17840,-70,154959,10.21,14.80,15.52,10.21,14.80,15.52,57,57,1877.62,538.43,91.68,5.14,0.82,0.39,10.65,15.28,19.53,10.65,15.28,19.53,58,58,1889.68,517.44,91.72,10.18,5.82,1.82
2023/07/24T07:35:11z,a8:48:fa:ca:a1:15,7.02,2.0+OPENLOG+15980 MB+DS3231+BME280+PMSX003-B+PMSX003-A,83,40,56,995.07,0.02,17840,-71,155079,9.98,14.24,14.53,9.98,14.24,14.53,56,56,1796.40,513.87,87.82,5.24,0.33,0.33,10.92,15.80,17.31,10.92,15.80,17.31,59,59,1870.98,512.34,88.10,8.64,1.80,0.68
2023/07/24T07:37:11z,a8:48:fa:ca:a1:15,7.02,2.0+OPENLOG+15980 MB+DS3231+BME280+PMSX003-B+PMSX003-A,83,40,56,995.07,0.02,17840,-71,155199,9.84,14.07,15.11,9.84,14.07,15.11,55,55,1795.50,503.96,95.05,4.64,0.93,0.93,10.22,15.42,20.12,10.22,15.42,20.12,58,58,1843.73,511.63,93.22,13.56,7.56,0.68
2023/07/24T07:39:11z,a8:48:fa:ca:a1:15,7.02,2.0+OPENLOG+15980 MB+DS3231+BME280+PMSX003-B+PMSX003-A,83,40,56,995.05,0.02,17840,-71,155319,9.51,13.44,14.98,9.51,13.44,14.98,54,54,1715.21,493.65,90.14,8.11,0.56,0.56,9.20,14.09,15.54,9.20,14.09,15.54,55,55,1700.17,463.26,88.52,6.30,1.37,0.81
2023/07/24T07:41:11z,a8:48:fa:ca:a1:15,7.02,2.0+OPENLOG+15980 MB+DS3231+BME280+PMSX003-B+PMSX003-A,83,40,56,995.04,0.02,17840,-71,155439,10.78,15.00,16.21,10.78,15.00,16.21,57,57,1876.34,543.67,94.38,5.52,1.66,1.21,10.29,15.07,17.35,10.29,15.07,17.35,58,58,1820.29,505.18,81.02,7.71,3.35,1.20
2023/07/24T07:43:11z,a8:48:fa:ca:a1:15,7.02,2.0+OPENLOG+15980 MB+DS3231+BME280+PMSX003-B+PMSX003-A,84,40,57,995.01,0.02,17840,-71,155559,10.27,13.77,15.05,10.27,13.77,15.05,55,55,1803.75,509.80,85.46,6.71,0.00,0.00,9.61,14.93,16.76,9.61,14.93,16.76,57,57,1804.22,490.80,93.53,6.78,2.78,0.68
2023/07/24T07:45:11z,a8:48:fa:ca:a1:15,7.02,2.0+OPENLOG+15980 MB+DS3231+BME280+PMSX003-B+PMSX003-A,84,39,57,995.00,0.02,17840,-75,155679,9.62,13.48,13.48,9.62,13.48,13.48,54,54,1703.95,483.04,83.66,3.68,0.00,0.00,8.66,13.56,16.31,8.66,13.56,16.31,54,54,1689.25,455.20,78.47,8.64,4.03,0.68
2023/07/24T07:47:11z,a8:48:fa:ca:a1:15,7.02,2.0+OPENLOG+15980 MB+DS3231+BME280+PMSX003-B+PMSX003-A,84,40,57,994.97,0.02,17840,-71,155799,9.77,14.12,14.95,9.77,14.12,14.95,56,56,1790.21,506.68,98.39,6.39,0.14,0.14,9.20,14.44,17.75,9.20,14.44,17.75,56,56,1798.96,490.35,89.09,11.49,4.25,0.25
2023/07/24T07:49:11z,a8:48:fa:ca:a1:15,7.02,2.0+OPENLOG+15980 MB+DS3231+BME280+PMSX003-B+PMSX003-A,84,39,57,994.91,0.02,17840,-72,155919,9.86,14.17,15.29,9.86,14.17,15.29,56,56,1734.47,498.55,96.78,6.97,1.14,0.66,8.91,13.84,17.05,8.91,13.84,17.05,55,55,1759.29,471.18,71.64,10.32,4.86,0.68
2023/07/24T07:51:11z,a8:48:fa:ca:a1:15,7.02,2.0+OPENLOG+15980 MB+DS3231+BME280+PMSX003-B+PMSX003-A,84,39,57,994.83,0.02,17840,-71,156039,9.59,13.25,15.57,9.59,13.25,15.57,54,54,1712.79,481.91,91.11,8.86,1.43,1.00,8.52,12.59,14.40,8.52,12.59,14.40,52,52,1595.84,435.53,68.76,5.90,1.97,0.86
2023/07/24T07:53:11z,a8:48:fa:ca:a1:15,7.02,2.0+OPENLOG+15980 MB+DS3231+BME280+PMSX003-B+PMSX003-A,84,39,57,994.82,0.02,17840,-71,156159,8.98,12.27,14.80,8.98,12.27,14.80,52,52,1702.85,484.96,86.22,8.44,1.27,1.20,9.42,14.07,18.37,9.42,14.07,18.37,55,55,1732.21,475.65,86.28,12.28,6.18,1.54
2023/07/24T07:55:11z,a8:48:fa:ca:a1:15,7.02,2.0+OPENLOG+15980 MB+DS3231+BME280+PMSX003-B+PMSX003-A,84,39,56,994.82,0.02,17840,-71,156279,9.57,13.86,16.59,9.57,13.86,16.59,55,55,1772.69,510.71,96.78,9.93,2.21,0.59,8.15,12.65,13.49,8.15,12.65,13.49,52,52,1595.13,427.13,70.62,4.91,1.27,0.69
2023/07/24T07:57:11z,a8:48:fa:ca:a1:15,7.02,2.0+OPENLOG+15980 MB+DS3231+BME280+PMSX003-B+PMSX003-A,84,39,57,994.72,0.02,17840,-72,156399,10.07,13.88,15.39,10.07,13.88,15.39,55,55,1821.10,522.59,84.64,7.15,0.44,0.44,9.27,13.80,16.18,9.27,13.80,16.18,55,55,1705.91,467.96,80.04,8.04,3.45,0.55
2023/07/24T07:59:11z,a8:48:fa:ca:a1:15,7.02,2.0+OPENLOG+15980 MB+DS3231+BME280+PMSX003-B+PMSX003-A,84,39,57,994.70,0.02,17840,-76,156519,9.59,13.14,14.59,9.59,13.14,14.59,53,53,1698.27,486.21,73.73,6.43,2.07,1.61,8.88,13.08,16.00,8.88,13.08,16.00,53,53,1655.69,450.14,69.42,9.32,2.47,2.47
2023/07/24T08:01:11z,a8:48:fa:ca:a1:15,7.02,2.0+OPENLOG+15980 MB+DS3231+BME280+PMSX003-B+PMSX003-A,84,39,57,994.69,0.02,17840,-76,156639,10.09,15.04,15.91,10.09,15.04,15.91,57,57,1763.83,514.59,92.89,7.63,1.15,0.48,8.78,13.05,13.50,8.78,13.05,13.50,53,53,1665.16,442.03,67.45,4.97,0.45,0.45
2023/07/24T08:03:11z,a8:48:fa:ca:a1:15,7.02,2.0+OPENLOG+15980 MB+DS3231+BME280+PMSX003-B+PMSX003-A,84,40,57,994.56,0.02,17672,-76,156760,9.90,14.34,14.42,9.90,14.34,14.42,56,56,1722.46,492.37,97.42,6.37,0.17,0.00,8.42,12.58,14.75,8.42,12.58,14.75,52,52,1672.84,436.12,75.79,4.88,2.42,1.65
2023/07/24T08:05:11z,a8:48:fa:ca:a1:15,7.02,2.0+OPENLOG+15980 MB+DS3231+BME280+PMSX003-B+PMSX003-A,84,40,57,994.63,0.02,17672,-77,156880,10.07,14.30,15.37,10.07,14.30,15.37,56,56,1735.44,504.91,88.44,8.19,1.30,1.30,8.34,12.19,13.79,8.34,12.19,13.79,51,51,1568.79,427.00,73.14,6.66,1.76,0.69
2023/07/24T08:07:11z,a8:48:fa:ca:a1:15,7.02,2.0+OPENLOG+15980 MB+DS3231+BME280+PMSX003-B+PMSX003-A,84,40,57,994.65,0.02,17840,-74,157000,9.07,12.55,14.32,9.07,12.55,14.32,52,52,1636.34,464.82,76.09,7.61,0.75,0.46,9.18,13.42,15.32,9.18,13.42,15.32,54,54,1639.47,461.81,68.35,6.07,2.42,2.11
2023/07/24T08:09:11z,a8:48:fa:ca:a1:15,7.02,2.0+OPENLOG+15980 MB+DS3231+BME280+PMSX003-B+PMSX003-A,84,39,57,994.62,0.02,17840,-74,157120,9.26,13.45,14.88,9.26,13.45,14.88,54,54,1658.84,475.83,88.38,9.93,0.62,0.03,8.52,12.71,14.04,8.52,12.71,14.04,53,53,1570.12,429.21,73.36,5.93,2.07,0.68
2023/07/24T08:11:11z,a8:48:fa:ca:a1:15,7.02,2.0+OPENLOG+15980 MB+DS3231+BME280+PMSX003-B+PMSX003-A,84,40,57,994.57,0.02,17840,-74,157240,9.34,12.88,13.93,9.34,12.88,13.93,53,53,1636.78,468.05,84.83,5.25,1.39,1.39,8.61,13.02,14.74,8.61,13.02,14.74,53,53,1633.32,446.37,73.19,5.75,2.04,1.05
2023/07/24T08:13:11z,a8:48:fa:ca:a1:15,7.02,2.0+OPENLOG+15980 MB+DS3231+BME280+PMSX003-B+PMSX003-A,84,40,57,994.57,0.02,17840,-74,157360,10.36,13.20,14.56,10.36,13.20,14.56,54,54,1735.47,498.13,81.47,7.45,0.07,0.07,8.81,13.21,15.72,8.81,13.21,15.72,54,54,1662.00,453.12,71.16,9.24,4.17,0.24
2023/07/24T08:15:11z,a8:48:fa:ca:a1:15,7.02,2.0+OPENLOG+15980 MB+DS3231+BME280+PMSX003-B+PMSX003-A,84,40,57,994.55,0.02,17840,-74,157480,9.69,13.07,13.07,9.69,13.07,13.07,53,53,1729.31,492.80,88.00,2.47,0.00,0.00,8.71,12.74,13.43,8.71,12.74,13.43,53,53,1612.14,437.26,64.24,4.66,0.90,0.41
2023/07/24T08:17:11z,a8:48:fa:ca:a1:15,7.02,2.0+OPENLOG+15980 MB+DS3231+BME280+PMSX003-B+PMSX003-A,84,40,57,994.50,0.02,17840,-72,157600,8.96,11.88,12.74,8.96,11.88,12.74,49,49,1536.58,447.49,69.91,5.37,0.04,0.00,8.22,13.22,13.62,8.22,13.22,13.62,54,54,1546.20,420.11,76.25,7.02,0.36,0.00
2023/07/24T08:19:11z,a8:48:fa:ca:a1:15,7.02,2.0+OPENLOG+15980 MB+DS3231+BME280+PMSX003-B+PMSX003-A,84,40,57,994.48,0.02,17840,-71,157720,9.25,12.65,13.37,9.25,12.65,13.37,52,52,1617.05,467.35,79.39,5.37,0.63,0.00,8.57,13.36,13.66,8.57,13.36,13.66,54,54,1659.05,450.75,73.29,3.79,0.36,0.36
2023/07/24T08:21:11z,a8:48:fa:ca:a1:15,7.02,2.0+OPENLOG+15980 MB+DS3231+BME280+PMSX003-B+PMSX003-A,84,40,57,994.44,0.02,17840,-72,157840,9.79,12.89,13.02,9.79,12.89,13.02,53,53,1688.14,476.91,75.79,3.46,0.25,0.00,8.37,13.56,14.68,8.37,13.56,14.68,54,54,1624.95,441.93,76.53,5.30,1.05,1.05
2023/07/24T08:23:11z,a8:48:fa:ca:a1:15,7.02,2.0+OPENLOG+15980 MB+DS3231+BME280+PMSX003-B+PMSX003-A,84,40,57,994.43,0.02,17840,-72,157960,9.07,12.62,13.40,9.07,12.62,13.40,52,52,1631.24,458.98,78.91,3.75,1.20,0.51,8.59,12.83,14.81,8.59,12.83,14.81,53,53,1572.78,432.33,68.19,7.31,2.72,1.90
2023/07/24T08:25:11z,a8:48:fa:ca:a1:15,7.02,2.0+OPENLOG+15980 MB+DS3231+BME280+PMSX003-B+PMSX003-A,84,40,57,994.37,0.02,17840,-71,158080,8.97,11.97,12.66,8.97,11.97,12.66,50,50,1596.05,450.93,66.81,3.72,0.59,0.59,9.37,12.86,16.02,9.37,12.86,16.02,53,53,1660.63,452.63,70.00,8.84,4.46,0.88
2023/07/24T08:27:11z,a8:48:fa:ca:a1:15,7.02,2.0+OPENLOG+15980 MB+DS3231+BME280+PMSX003-B+PMSX003-A,84,40,57,994.34,0.02,17840,-71,158200,9.05,12.21,12.72,9.05,12.21,12.72,51,51,1592.64,461.40,69.79,4.14,0.66,0.66,8.36,12.02,15.30,8.36,12.02,15.30,51,51,1585.77,429.48,64.82,8.46,4.64,1.43
2023/07/24T08:29:11z,a8:48:fa:ca:a1:15,7.02,2.0+OPENLOG+15980 MB+DS3231+BME280+PMSX003-B+PMSX003-A,84,40,57,994.30,0.02,17840,-72,158320,9.02,12.89,14.56,9.02,12.89,14.56,53,53,1665.79,473.44,84.84,8.88,0.46,0.46,8.33,11.90,12.83,8.33,11.90,12.83,50,50,1543.40,422.36,72.34,3.52,0.59,0.59
2023/07/24T08:31:11z,a8:48:fa:ca:a1:15,7.02,2.0+OPENLOG+15980 MB+DS3231+BME280+PMSX003-B+PMSX003-A,84,40,57,994.27,0.02,17840,-72,158440,8.29,12.14,12.43,8.29,12.14,12.43,51,51,1590.54,445.95,74.66,4.43,0.50,0.00,8.47,13.22,14.93,8.47,13.22,14.93,54,54,1575.21,436.21,78.76,5.55,2.00,1.00
2023/07/24T08:33:11z,a8:48:fa:ca:a1:15,7.02,2.0+OPENLOG+15980 MB+DS3231+BME280+PMSX003-B+PMSX003-A,84,40,57,994.25,0.02,17840,-71,158560,8.48,11.98,13.25,8.48,11.98,13.25,50,50,1561.34,449.23,80.91,7.07,0.21,0.21,8.18,12.60,13.25,8.18,12.60,13.25,52,52,1553.11,422.33,73.12,5.23,1.05,0.39
2023/07/24T08:35:11z,a8:48:fa:ca:a1:15,7.02,2.0+OPENLOG+15980 MB+DS3231+BME280+PMSX003-B+PMSX003-A,84,40,57,994.22,0.02,17840,-71,158680,8.43,11.96,12.34,8.43,11.96,12.34,50,50,1466.09,415.55,77.02,5.50,0.54,0.18,7.82,11.62,12.07,7.82,11.62,12.07,48,48,1453.64,398.04,66.47,4.65,0.00,0.00
2023/07/24T08:37:11z,a8:48:fa:ca:a1:15,7.02,2.0+OPENLOG+15980 MB+DS3231+BME280+PMSX003-B+PMSX003-A,84,40,57,994.18,0.02,17840,-71,158800,8.74,11.70,11.86,8.74,11.70,11.86,49,49,1541.05,437.09,75.32,3.05,0.25,0.25,7.67,10.95,11.81,7.67,10.95,11.81,46,46,1461.47,395.72,63.09,3.51,0.49,0.49
2023/07/24T08:39:11z,a8:48:fa:ca:a1:15,7.02,2.0+OPENLOG+15980 MB+DS3231+BME280+PMSX003-B+PMSX003-A,85,40,58,994.15,0.02,17840,-70,158920,8.74,12.77,14.09,8.74,12.77,14.09,53,53,1610.84,456.46,86.42,8.35,0.42,0.00,8.28,12.28,12.57,8.28,12.28,12.57,52,52,1549.66,422.26,70.17,4.28,0.45,0.45
2023/07/24T08:41:11z,a8:48:fa:ca:a1:15,7.02,2.0+OPENLOG+15980 MB+DS3231+BME280+PMSX003-B+PMSX003-A,84,40,57,994.14,0.02,17840,-71,159040,8.65,12.00,12.67,8.65,12.00,12.67,50,50,1526.21,442.28,79.67,3.65,0.98,0.49,7.84,11.31,14.59,7.84,11.31,14.59,47,47,1507.45,401.43,65.90,8.07,4.34,0.52
2023/07/24T08:43:11z,a8:48:fa:ca:a1:15,7.02,2.0+OPENLOG+15980 MB+DS3231+BME280+PMSX003-B+PMSX003-A,84,40,57,994.09,0.02,17840,-72,159160,9.00,11.93,12.03,9.00,11.93,12.03,50,50,1618.03,453.64,78.40,1.66,0.10,0.10,8.04,11.59,11.86,8.04,11.59,11.86,48,48,1531.88,409.96,69.50,3.50,0.00,0.00
2023/07/24T08:45:11z,a8:48:fa:ca:a1:15,7.02,2.0+OPENLOG+15980 MB+DS3231+BME280+PMSX003-B+PMSX003-A,85,40,58,994.01,0.02,17840,-70,159280,8.89,12.30,14.86,8.89,12.30,14.86,52,52,1582.42,453.40,76.79,9.68,2.04,1.51,8.11,13.23,15.09,8.11,13.23,15.09,54,54,1564.98,430.80,75.96,8.79,2.00,0.79
2023/07/24T08:47:11z,a8:48:fa:ca:a1:15,7.02,2.0+OPENLOG+15980 MB+DS3231+BME280+PMSX003-B+PMSX003-A,85,40,58,994.02,0.02,17840,-70,159400,8.93,13.11,14.80,8.93,13.11,14.80,53,53,1652.35,477.07,85.76,6.62,2.25,1.78,8.32,12.37,15.00,8.32,12.37,15.00,52,52,1526.21,420.77,73.16,7.47,3.02,1.12
2023/07/24T08:49:11z,a8:48:fa:ca:a1:15,7.02,2.0+OPENLOG+15980 MB+DS3231+BME280+PMSX003-B+PMSX003-A,85,40,58,993.99,0.02,17840,-71,159520,9.13,13.69,17.13,9.13,13.69,17.13,55,55,1666.20,472.51,90.15,14.11,2.62,2.62,8.07,12.71,16.86,8.07,12.71,16.86,53,53,1590.31,428.57,79.52,12.93,4.72,2.14
2023/07/24T08:51:11z,a8:48:fa:ca:a1:15,7.02,2.0+OPENLOG+15980 MB+DS3231+BME280+PMSX003-B+PMSX003-A,85,39,57,994.00,0.02,17840,-71,159640,9.56,14.63,17.93,9.56,14.63,17.93,57,57,1745.79,504.82,100.65,15.19,1.72,0.56,9.11,13.71,16.79,9.11,13.71,16.79,55,55,1691.36,466.07,76.68,11.04,3.36,1.93
2023/07/24T08:53:11z,a8:48:fa:ca:a1:15,7.02,2.0+OPENLOG+15980 MB+DS3231+BME280+PMSX003-B+PMSX003-A,85,39,57,993.93,0.02,17840,-70,159760,9.32,14.20,18.09,9.32,14.20,18.09,56,56,1715.68,489.71,104.55,16.75,1.64,1.21,9.48,14.21,17.36,9.48,14.21,17.36,56,56,1689.38,466.61,80.52,10.89,4.43,1.50
2023/07/24T08:55:11z,a8:48:fa:ca:a1:15,7.02,2.0+OPENLOG+15980 MB+DS3231+BME280+PMSX003-B+PMSX003-A,85,40,58,993.89,0.02,17840,-73,159880,9.79,14.75,20.16,9.79,14.75,20.16,57,57,1793.09,516.59,114.07,18.64,2.75,2.46,9.60,15.07,21.17,9.60,15.07,21.17,58,58,1765.34,486.47,90.26,18.55,7.69,3.31
2023/07/24T08:57:11z,a8:48:fa:ca:a1:15,7.02,2.0+OPENLOG+15980 MB+DS3231+BME280+PMSX003-B+PMSX003-A,85,41,58,993.88,0.02,17840,-73,160000,10.95,15.48,17.23,10.95,15.48,17.23,58,58,1889.25,547.27,90.89,9.93,2.11,1.14,9.44,14.56,17.60,9.44,14.56,17.60,56,56,1797.68,487.51,82.25,10.18,2.95,2.49
2023/07/24T08:59:11z,a8:48:fa:ca:a1:15,7.02,2.0+OPENLOG+15980 MB+DS3231+BME280+PMSX003-B+PMSX003-A,85,42,59,993.81,0.02,17840,-74,160120,11.32,15.76,19.32,11.32,15.76,19.32,59,59,2030.44,576.90,108.19,10.71,2.92,2.44,9.48,16.14,18.64,9.48,16.14,18.64,60,60,1800.00,490.41,93.23,14.71,3.54,1.86
2023/07/24T09:01:11z,a8:48:fa:ca:a1:15,7.02,2.0+OPENLOG+15980 MB+DS3231+BME280+PMSX003-B+PMSX003-A,85,40,58,993.83,0.02,17840,-73,160240,12.55,18.07,20.10,12.55,18.07,20.10,64,64,2175.67,630.81,129.52,10.24,1.24,0.17,10.94,16.11,23.65,10.94,16.11,23.65,60,60,1970.17,543.81,105.74,16.70,11.07,2.59
2023/07/24T09:03:12z,a8:48:fa:ca:a1:15,7.02,2.0+OPENLOG+15980 MB+DS3231+BME280+PMSX003-B+PMSX003-A,85,40,58,993.78,0.02,17672,-73,160360,12.82,18.40,21.76,12.82,18.40,21.76,65,65,2194.75,629.25,127.89,12.67,2.80,2.00,10.63,17.03,23.47,10.63,17.03,23.47,62,62,2025.15,537.88,104.75,20.41,8.78,2.27
2023/07/24T09:05:12z,a8:48:fa:ca:a1:15,7.02,2.0+OPENLOG+15980 MB+DS3231+BME280+PMSX003-B+PMSX003-A,84,39,56,993.77,0.02,17672,-73,160480,12.08,17.48,20.18,12.08,17.48,20.18,63,63,2130.45,607.28,118.75,12.23,2.37,0.83,11.75,17.24,19.53,11.75,17.24,19.53,62,62,2090.13,555.15,100.36,10.80,2.80,1.49
2023/07/24T09:07:12z,a8:48:fa:ca:a1:15,7.02,2.0+OPENLOG+15980 MB+DS3231+BME280+PMSX003-B+PMSX003-A,84,38,56,993.73,0.02,17840,-74,160600,12.55,18.02,23.86,12.55,18.02,23.86,64,64,2206.19,641.12,131.59,20.14,2.79,2.00,12.39,17.82,20.59,12.39,17.82,20.59,63,63,2151.75,582.59,106.14,9.61,2.93,1.43
2023/07/24T09:09:12z,a8:48:fa:ca:a1:15,7.02,2.0+OPENLOG+15980 MB+DS3231+BME280+PMSX003-B+PMSX003-A,84,38,55,993.76,0.02,17840,-74,160720,12.77,18.61,23.32,12.77,18.61,23.32,65,65,2176.45,641.79,131.64,16.64,4.29,3.54,13.14,18.38,22.05,13.14,18.38,22.05,65,65,2228.48,605.52,102.36,12.10,3.41,1.79
2023/07/24T09:11:12z,a8:48:fa:ca:a1:15,7.02,2.0+OPENLOG+15980 MB+DS3231+BME280+PMSX003-B+PMSX003-A,84,37,55,993.72,0.02,17840,-74,160840,13.56,19.79,22.88,13.56,19.79,22.88,68,68,2380.58,684.07,136.89,14.21,1.72,1.12,12.74,18.50,23.21,12.74,18.50,23.21,65,65,2160.21,587.53,107.07,16.83,5.38,1.14
2023/07/24T09:13:12z,a8:48:fa:ca:a1:15,7.02,2.0+OPENLOG+15980 MB+DS3231+BME280+PMSX003-B+PMSX003-A,84,37,55,993.68,0.02,17840,-74,160960,13.23,18.86,23.33,13.23,18.86,23.33,66,66,2316.53,667.58,127.25,14.95,2.70,2.04,12.93,18.05,23.67,12.93,18.05,23.67,64,64,2161.85,596.56,112.51,12.40,7.85,1.96
2023/07/24T09:15:12z,a8:48:fa:ca:a1:15,7.02,2.0+OPENLOG+15980 MB+DS3231+BME280+PMSX003-B+PMSX003-A,83,37,54,993.64,0.02,17840,-76,161080,13.47,19.86,22.81,13.47,19.86,22.81,68,68,2320.79,665.07,135.00,13.47,2.11,1.93,12.88,17.96,20.49,12.88,17.96,20.49,64,64,2145.05,584.51,107.96,9.68,2.18,0.91
2023/07/24T09:17:12z,a8:48:fa:ca:a1:15,7.02,2.0+OPENLOG+15980 MB+DS3231+BME280+PMSX003-B+PMSX003-A,83,38,55,993.62,0.02,17840,-74,161200,12.66,18.54,20.77,12.66,18.54,20.77,65,65,2276.30,647.80,126.34,11.25,1.29,0.00,13.31,19.47,24.24,13.31,19.47,24.24,67,67,2282.28,627.97,117.86,14.10,4.86,0.83
2023/07/24T09:19:12z,a8:48:fa:ca:a1:15,7.02,2.0+OPENLOG+15980 MB+DS3231+BME280+PMSX003-B+PMSX003-A,83,39,55,993.59,0.02,17840,-75,161320,14.16,20.49,23.85,14.16,20.49,23.85,69,69,2427.93,700.71,143.80,14.98,1.16,0.76,13.74,19.72,22.76,13.74,19.72,22.76,67,67,2290.09,630.71,111.38,11.14,3.79,1.52
2023/07/24T09:21:12z,a8:48:fa:ca:a1:15,7.02,2.0+OPENLOG+15980 MB+DS3231+BME280+PMSX003-B+PMSX003-A,83,41,57,993.56,0.02,17840,-74,161440,14.07,19.36,20.74,14.07,19.36,20.74,67,67,2377.66,679.84,126.62,7.41,1.66,1.66,13.87,19.45,22.49,13.87,19.45,22.49,67,67,2361.05,644.15,103.45,8.87,2.76,2.36
2023/07/24T09:23:12z,a8:48:fa:ca:a1:15,7.02,2.0+OPENLOG+15980 MB+DS3231+BME280+PMSX003-B+PMSX003-A,83,42,57,993.56,0.02,17840,-74,161560,14.84,20.28,22.53,14.84,20.28,22.53,69,69,2539.53,729.47,125.81,10.74,0.63,0.28,13.96,19.91,22.91,13.96,19.91,22.91,68,68,2373.59,646.00,122.32,9.96,2.54,1.54
2023/07/24T09:25:12z,a8:48:fa:ca:a1:15,7.02,2.0+OPENLOG+15980 MB+DS3231+BME280+PMSX003-B+PMSX003-A,83,42,57,993.56,0.02,17840,-74,161680,14.69,20.80,24.02,14.69,20.80,24.02,70,70,2528.89,720.53,152.58,13.24,2.07,1.64,14.05,20.10,21.74,14.05,20.10,21.74,68,68,2342.79,649.10,116.29,9.48,1.66,0.93
2023/07/24T09:27:12z,a8:48:fa:ca:a1:15,7.02,2.0+OPENLOG+15980 MB+DS3231+BME280+PMSX003-B+PMSX003-A,83,43,58,993.49,0.02,17840,-74,161800,15.00,21.07,24.39,15.00,21.07,24.39,70,70,2570.04,743.89,142.27,13.14,2.57,2.14,14.25,20.78,24.63,14.25,20.78,24.63,70,70,2424.86,658.59,134.37,12.47,5.66,0.75
2023/07/24T09:29:12z,a8:48:fa:ca:a1:15,7.02,2.0+OPENLOG+15980 MB+DS3231+BME280+PMSX003-B+PMSX003-A,83,43,58,993.48,0.02,17840,-74,161920,15.64,22.04,26.78,15.64,22.04,26.78,72,72,2756.67,781.78,157.62,16.62,1.67,1.31,14.95,21.23,23.72,14.95,21.23,23.72,71,71,2484.00,681.40,116.04,10.60,2.67,2.39
2023/07/24T09:31:12z,a8:48:fa:ca:a1:15,7.02,2.0+OPENLOG+15980 MB+DS3231+BME280+PMSX003-B+PMSX003-A,83,43,58,993.45,0.02,17840,-74,162040,15.54,21.33,23.98,15.54,21.33,23.98,71,71,2566.32,749.75,140.53,10.28,1.58,1.58,14.93,21.14,26.12,14.93,21.14,26.12,70,70,2464.79,686.09,130.18,15.12,5.47,1.12
2023/07/24T09:33:12z,a8:48:fa:ca:a1:15,7.02,2.0+OPENLOG+15980 MB+DS3231+BME280+PMSX003-B+PMSX003-A,83,43,58,993.35,0.02,17840,-74,162160,16.40,23.89,26.37,16.40,23.89,26.37,76,76,2825.89,813.18,152.60,13.40,0.74,0.74,15.32,22.35,24.04,15.32,22.35,24.04,73,73,2625.53,707.84,117.63,10.56,1.44,1.09
2023/07/24T09:35:12z,a8:48:fa:ca:a1:15,7.02,2.0+OPENLOG+15980 MB+DS3231+BME280+PMSX003-B+PMSX003-A,83,43,58,993.34,0.02,17840,-73,162280,16.24,24.04,29.33,16.24,24.04,29.33,77,77,2769.89,800.65,169.54,21.63,2.04,0.85,15.00,22.21,25.81,15.00,22.21,25.81,73,73,2591.17,705.78,129.48,11.59,5.34,1.52
2023/07/24T09:37:12z,a8:48:fa:ca:a1:15,7.02,2.0+OPENLOG+15980 MB+DS3231+BME280+PMSX003-B+PMSX003-A,83,43,58,993.29,0.02,17840,-74,162400,14.95,21.38,24.36,14.95,21.38,24.36,71,71,2548.02,742.43,142.71,13.04,1.96,1.96,14.52,22.12,25.34,14.52,22.12,25.34,73,73,2457.11,679.41,133.73,14.04,4.54,0.68
2023/07/24T09:39:12z,a8:48:fa:ca:a1:15,7.02,2.0+OPENLOG+15980 MB+DS3231+BME280+PMSX003-B+PMSX003-A,83,43,58,993.28,0.02,17840,-74,162520,16.37,22.53,25.19,16.37,22.53,25.19,73,73,2699.95,792.19,145.91,13.37,0.49,0.18,15.09,21.42,27.64,15.09,21.42,27.64,71,71,2501.60,691.34,122.43,19.47,8.34,1.13
2023/07/24T09:41:12z,a8:48:fa:ca:a1:15,7.02,2.0+OPENLOG+15980 MB+DS3231+BME280+PMSX003-B+PMSX003-A,83,43,58,993.17,0.02,17864,-74,162640,15.31,21.10,23.88,15.31,21.10,23.88,70,70,2591.64,737.12,142.43,10.34,2.07,2.07,15.02,22.81,27.19,15.02,22.81,27.19,74,74,2518.58,704.11,133.44,17.30,6.32,1.51
2023/07/24T09:43:12z,a8:48:fa:ca:a1:15,7.02,2.0+OPENLOG+15980 MB+DS3231+BME280+PMSX003-B+PMSX003-A,84,43,59,993.11,0.02,17840,-75,162760,14.70,21.55,25.13,14.70,21.55,25.13,71,71,2559.00,730.60,153.02,16.57,1.13,1.06,14.85,20.90,26.42,14.85,20.90,26.42,70,70,2529.36,695.66,128.71,12.92,7.36,1.25
2023/07/24T09:45:12z,a8:48:fa:ca:a1:15,7.02,2.0+OPENLOG+15980 MB+DS3231+BME280+PMSX003-B+PMSX003-A,84,43,59,993.00,0.02,17840,-77,162880,15.57,22.46,24.07,15.57,22.46,24.07,73,73,2743.50,782.36,158.57,9.18,0.89,0.14,15.16,20.84,26.10,15.16,20.84,26.10,70,70,2535.47,699.14,125.21,13.07,7.17,1.76
2023/07/24T09:47:12z,a8:48:fa:ca:a1:15,7.02,2.0+OPENLOG+15980 MB+DS3231+BME280+PMSX003-B+PMSX003-A,84,43,59,992.99,0.02,17840,-74,163000,15.53,21.91,24.28,15.53,21.91,24.28,72,72,2654.48,763.64,145.55,12.90,1.41,0.72,15.05,21.38,27.53,15.05,21.38,27.53,71,71,2531.89,692.80,127.76,16.18,7.53,2.62
2023/07/24T09:49:12z,a8:48:fa:ca:a1:15,7.02,2.0+OPENLOG+15980 MB+DS3231+BME280+PMSX003-B+PMSX003-A,84,43,59,993.00,0.02,17840,-73,163120,14.75,20.61,22.80,14.75,20.61,22.80,69,69,2531.29,727.64,135.98,11.05,1.36,1.36,14.48,20.98,25.25,14.48,20.98,25.25,70,70,2458.55,672.86,125.11,14.21,5.93,1.36
2023/07/24T09:51:12z,a8:48:fa:ca:a1:15,7.02,2.0+OPENLOG+15980 MB+DS3231+BME280+PMSX003-B+PMSX003-A,84,43,59,992.93,0.02,17840,-74,163240,15.41,21.31,22.44,15.41,21.31,22.44,71,71,2584.28,747.04,143.15,8.22,0.56,0.56,14.53,19.72,22.67,14.53,19.72,22.67,67,67,2375.84,657.78,116.19,9.21,3.03,1.59
2023/07/24T09:53:12z,a8:48:fa:ca:a1:15,7.02,2.0+OPENLOG+15980 MB+DS3231+BME280+PMSX003-B+PMSX003-A,84,43,59,992.89,0.02,17840,-74,163360,15.91,22.66,24.82,15.91,22.66,24.82,74,74,2682.38,771.25,148.88,13.23,0.46,0.11,14.97,21.14,22.71,14.97,21.14,22.71,70,70,2450.64,676.78,123.37,10.07,1.29,1.12
2023/07/24T09:55:12z,a8:48:fa:ca:a1:15,7.02,2.0+OPENLOG+15980 MB+DS3231+BME280+PMSX003-B+PMSX003-A,84,43,59,992.87,0.02,17840,-73,163480,14.75,21.44,24.05,14.75,21.44,24.05,71,71,2484.89,725.51,146.28,14.56,0.60,0.00,14.52,20.84,24.38,14.52,20.84,24.38,70,70,2434.66,674.16,124.32,10.86,3.89,1.79
2023/07/24T09:57:12z,a8:48:fa:ca:a1:15,7.02,2.0+OPENLOG+15980 MB+DS3231+BME280+PMSX003-B+PMSX003-A,84,43,59,992.83,0.02,17672,-74,163600,13.72,19.05,23.24,13.72,19.05,23.24,66,66,2429.90,691.16,138.12,14.55,1.34,0.76,13.24,18.61,19.54,13.24,18.61,19.54,65,65,2239.83,608.69,101.50,8.67,1.26,0.37
2023/07/24T09:59:12z,a8:48:fa:ca:a1:15,7.02,2.0+OPENLOG+15980 MB+DS3231+BME280+PMSX003-B+PMSX003-A,84,42,58,992.80,0.02,17840,-75,163720,14.00,20.25,20.61,14.00,20.25,20.61,69,69,2372.84,689.95,133.66,6.93,0.29,0.00,13.19,17.93,19.10,13.19,17.93,19.10,64,64,2219.69,609.14,102.31,4.21,1.07,1.07
2023/07/24T10:01:12z,a8:48:fa:ca:a1:15,7.02,2.0+OPENLOG+15980 MB+DS3231+BME280+PMSX003-B+PMSX003-A,84,41,58,992.83,0.02,17840,-76,163840,14.16,20.29,21.09,14.16,20.29,21.09,69,69,2398.42,684.98,134.75,5.20,1.05,0.98,14.52,20.88,24.81,14.52,20.88,24.81,70,70,2459.79,674.45,119.88,12.07,4.83,1.38
2023/07/24T10:03:13z,a8:48:fa:ca:a1:15,7.02,2.0+OPENLOG+15980 MB+DS3231+BME280+PMSX003-B+PMSX003-A,84,40,57,992.84,0.02,17672,-76,163961,13.52,19.98,21.12,13.52,19.98,21.12,68,68,2328.70,663.29,138.21,10.43,0.00,0.00,13.63,18.95,20.65,13.63,18.95,20.65,66,66,2294.05,622.35,109.44,8.63,1.51,1.51
2023/07/24T10:05:13z,a8:48:fa:ca:a1:15,7.02,2.0+OPENLOG+15980 MB+DS3231+BME280+PMSX003-B+PMSX003-A,84,39,56,992.78,0.02,17672,-71,164081,13.82,18.73,20.69,13.82,18.73,20.69,65,65,2331.65,670.35,122.35,8.76,0.84,0.58,13.38,18.93,22.02,13.38,18.93,22.02,66,66,2241.21,622.28,113.53,11.41,3.97,0.28
2023/07/24T10:07:13z,a8:48:fa:ca:a1:15,7.02,2.0+OPENLOG+15980 MB+DS3231+BME280+PMSX003-B+PMSX003-A,83,38,55,992.76,0.02,17840,-76,164201,14.28,19.46,21.60,14.28,19.46,21.60,67,67,2393.84,695.25,123.37,10.81,1.33,0.39,13.98,19.36,27.10,13.98,19.36,27.10,67,67,2359.27,648.56,122.90,17.25,10.95,1.25
2023/07/24T10:09:13z,a8:48:fa:ca:a1:15,7.02,2.0+OPENLOG+15980 MB+DS3231+BME280+PMSX003-B+PMSX003-A,83,37,54,992.79,0.02,17840,-76,164321,13.00,18.19,18.60,13.00,18.19,18.60,64,64,2232.88,627.43,116.28,6.10,0.45,0.45,13.22,18.84,22.69,13.22,18.84,22.69,66,66,2212.04,608.84,112.76,13.31,5.49,0.80
2023/07/24T10:11:13z,a8:48:fa:ca:a1:15,7.02,2.0+OPENLOG+15980 MB+DS3231+BME280+PMSX003-B+PMSX003-A,83,37,54,992.76,0.02,17840,-76,164441,12.83,17.90,18.19,12.83,17.90,18.19,64,64,2212.73,630.37,118.97,5.46,0.41,0.41,13.54,17.98,21.63,13.54,17.98,21.63,64,64,2208.37,611.61,102.81,9.93,4.42,0.98
2023/07/24T10:13:13z,a8:48:fa:ca:a1:15,7.02,2.0+OPENLOG+15980 MB+DS3231+BME280+PMSX003-B+PMSX003-A,83,37,54,992.74,0.02,17840,-77,164561,13.18,18.93,19.62,13.18,18.93,19.62,66,66,2247.71,651.07,122.87,5.02,0.91,0.91,13.12,18.16,18.88,13.12,18.16,18.88,64,64,2179.40,592.91,96.12,6.48,0.38,0.38
2023/07/24T10:15:13z,a8:48:fa:ca:a1:15,7.02,2.0+OPENLOG+15980 MB+DS3231+BME280+PMSX003-B+PMSX003-A,83,38,55,992.79,0.02,17840,-76,164681,13.45,17.84,21.79,13.45,17.84,21.79,63,63,2228.04,655.77,118.57,14.75,1.82,1.25,12.75,18.32,19.59,12.75,18.32,19.59,64,64,2162.24,591.92,104.15,7.36,1.56,0.71
2023/07/24T10:17:13z,a8:48:fa:ca:a1:15,7.02,2.0+OPENLOG+15980 MB+DS3231+BME280+PMSX003-B+PMSX003-A,83,38,55,992.74,0.02,17840,-76,164801,12.98,18.72,20.68,12.98,18.72,20.68,65,65,2290.42,661.88,125.42,8.95,0.67,0.53,12.73,18.89,24.73,12.73,18.89,24.73,66,66,2208.11,610.52,104.82,16.64,8.39,2.04
2023/07/24T10:19:13z,a8:48:fa:ca:a1:15,7.02,2.0+OPENLOG+15980 MB+DS3231+BME280+PMSX003-B+PMSX003-A,83,38,54,992.74,0.02,17840,-77,164921,12.63,17.23,17.23,12.63,17.23,17.23,62,62,2237.63,629.67,112.32,2.74,0.00,0.00,12.00,17.09,23.21,12.00,17.09,23.21,62,62,2048.25,567.18,102.59,15.04,7.75,2.64
2023/07/24T10:21:13z,a8:48:fa:ca:a1:15,7.02,2.0+OPENLOG+15980 MB+DS3231+BME280+PMSX003-B+PMSX003-A,83,37,54,992.68,0.02,17840,-77,165041,13.18,18.38,20.23,13.18,18.38,20.23,65,65,2292.75,652.95,124.16,9.32,0.79,0.50,12.86,18.59,20.09,12.86,18.59,20.09,65,65,2204.12,591.93,105.50,9.90,1.14,0.69
2023/07/24T10:23:13z,a8:48:fa:ca:a1:15,7.02,2.0+OPENLOG+15980 MB+DS3231+BME280+PMSX003-B+PMSX003-A,83,39,55,992.64,0.02,17840,-76,165161,12.27,17.27,19.69,12.27,17.27,19.69,62,62,2175.27,614.33,110.09,9.53,3.31,2.25,13.00,19.72,24.60,13.00,19.72,24.60,67,67,2297.48,628.07,122.10,14.03,6.76,0.72
2023/07/24T10:25:13z,a8:48:fa:ca:a1:15,7.02,2.0+OPENLOG+15980 MB+DS3231+BME280+PMSX003-B+PMSX003-A,83,39,55,992.62,0.02,17840,-75,165281,13.79,17.81,18.17,13.79,17.81,18.17,63,63,2307.00,651.72,111.29,4.00,0.17,0.00,13.47,19.23,21.25,13.47,19.23,21.25,66,66,2262.74,615.88,108.12,8.95,1.54,0.84
2023/07/24T10:27:13z,a8:48:fa:ca:a1:15,7.02,2.0+OPENLOG+15980 MB+DS3231+BME280+PMSX003-B+PMSX003-A,83,38,55,992.62,0.02,17840,-76,165401,14.14,19.05,21.96,14.14,19.05,21.96,66,66,2412.11,691.07,123.14,10.74,0.91,0.67,12.35,18.33,23.48,12.35,18.33,23.48,64,64,2058.06,581.35,118.91,15.11,7.26,1.04
2023/07/24T10:29:13z,a8:48:fa:ca:a1:15,7.02,2.0+OPENLOG+15980 MB+DS3231+BME280+PMSX003-B+PMSX003-A,83,38,55,992.56,0.02,17840,-74,165521,14.04,19.36,21.73,14.04,19.36,21.73,67,67,2366.95,675.18,122.50,9.82,1.79,1.00,12.43,17.12,17.79,12.43,17.12,17.79,62,62,2100.98,575.03,98.03,5.52,0.52,0.28
2023/07/24T10:31:13z,a8:48:fa:ca:a1:15,7.02,2.0+OPENLOG+15980 MB+DS3231+BME280+PMSX003-B+PMSX003-A,82,38,53,992.54,0.02,17840,-75,165641,12.91,18.30,21.39,12.91,18.30,21.39,64,64,2214.64,634.68,131.89,14.00,0.86,0.46,12.74,17.82,22.28,12.74,17.82,22.28,63,63,2167.00,594.95,104.00,12.11,4.53,0.88
2023/07/24T10:33:13z,a8:48:fa:ca:a1:15,7.02,2.0+OPENLOG+15980 MB+DS3231+BME280+PMSX003-B+PMSX003-A,82,39,55,992.52,0.02,17840,-74,165761,13.11,17.77,19.38,13.11,17.77,19.38,63,63,2262.27,656.75,115.89,6.39,0.82,0.32,12.83,18.31,19.84,12.83,18.31,19.84,64,64,2175.16,595.76,102.33,7.83,1.45,0.55
2023/07/24T10:35:13z,a8:48:fa:ca:a1:15,7.02,2.0+OPENLOG+15980 MB+DS3231+BME280+PMSX003-B+PMSX003-A,82,39,55,992.50,0.02,17840,-74,165881,13.72,18.79,19.98,13.72,18.79,19.98,65,65,2345.07,670.79,118.31,8.34,0.14,0.00,12.54,17.09,20.12,12.54,17.09,20.12,62,62,2077.88,580.23,101.50,8.00,4.50,0.89
2023/07/24T10:37:13z,a8:48:fa:ca:a1:15,7.02,2.0+OPENLOG+15980 MB+DS3231+BME280+PMSX003-B+PMSX003-A,82,38,54,992.48,0.02,17840,-74,166001,12.31,17.14,18.19,12.31,17.14,18.19,62,62,2204.59,622.95,112.67,3.93,1.21,1.21,12.39,17.53,21.58,12.39,17.53,21.58,63,63,2110.26,579.49,104.32,10.39,3.33,2.46
2023/07/24T10:39:13z,a8:48:fa:ca:a1:15,7.02,2.0+OPENLOG+15980 MB+DS3231+BME280+PMSX003-B+PMSX003-A,82,38,54,992.53,0.02,17840,-74,166121,13.20,19.25,22.60,13.20,19.25,22.60,66,66,2300.02,664.93,134.36,14.22,1.35,1.35,12.71,17.47,21.59,12.71,17.47,21.59,63,63,2087.33,584.41,100.62,12.66,4.79,0.90
2023/07/24T10:41:13z,a8:48:fa:ca:a1:15,7.02,2.0+OPENLOG+15980 MB+DS3231+BME280+PMSX003-B+PMSX003-A,82,40,55,992.58,0.02,17840,-76,166241,11.98,16.77,17.00,11.98,16.77,17.00,61,61,2099.79,596.12,111.93,4.32,0.29,0.29,12.19,17.56,18.72,12.19,17.56,18.72,63,63,2049.21,564.23,106.18,8.95,0.67,0.49
2023/07/24T10:43:12z,a8:48:fa:ca:a1:15,7.02,2.0+OPENLOG+15980 MB+DS3231+BME280+PMSX003-B+PMSX003-A,82,41,56,992.52,0.02,17840,-75,166361,12.77,19.12,20.91,12.77,19.12,20.91,66,66,2218.26,640.12,122.14,13.54,0.81,0.81,13.33,19.25,19.71,13.33,19.25,19.71,66,66,2245.80,603.96,105.15,7.13,0.44,0.44
2023/07/24T10:45:12z,a8:48:fa:ca:a1:15,7.02,2.0+OPENLOG+15980 MB+DS3231+BME280+PMSX003-B+PMSX003-A,82,42,56,992.54,0.02,17840,-75,166481,12.14,18.78,19.79,12.14,18.78,19.79,65,65,2215.60,633.86,130.86,8.21,1.24,0.79,12.41,17.98,21.82,12.41,17.98,21.82,64,64,2130.59,576.71,103.30,14.18,5.25,1.04
2023/07/24T10:47:12z,a8:48:fa:ca:a1:15,7.02,2.0+OPENLOG+15980 MB+DS3231+BME280+PMSX003-B+PMSX003-A,82,43,57,992.54,0.02,17840,-72,166601,12.11,18.24,19.89,12.11,18.24,19.89,64,64,2192.50,634.70,127.98,9.44,0.78,0.37,12.67,18.09,19.72,12.67,18.09,19.72,64,64,2109.89,576.63,112.30,6.91,1.12,0.77
2023/07/24T10:49:12z,a8:48:fa:ca:a1:15,7.02,2.0+OPENLOG+15980 MB+DS3231+BME280+PMSX003-B+PMSX003-A,82,44,57,992.49,0.02,17840,-76,166721,12.80,18.64,20.89,12.80,18.64,20.89,65,65,2232.32,635.46,129.57,9.21,2.79,1.29,12.33,17.50,19.38,12.33,17.50,19.38,63,63,2086.29,564.76,110.26,6.79,1.72,1.72
2023/07/24T10:51:12z,a8:48:fa:ca:a1:15,7.02,2.0+OPENLOG+15980 MB+DS3231+BME280+PMSX003-B+PMSX003-A,82,44,58,992.52,0.02,17840,-76,166841,12.74,17.93,20.81,12.74,17.93,20.81,64,64,2235.26,638.28,117.05,13.93,1.10,0.24,11.91,17.52,19.32,11.91,17.52,19.32,63,63,2037.27,558.21,104.70,7.82,2.32,1.50
2023/07/24T10:53:12z,a8:48:fa:ca:a1:15,7.02,2.0+OPENLOG+15980 MB+DS3231+BME280+PMSX003-B+PMSX003-A,82,44,58,992.49,0.02,17840,-76,166961,12.59,18.22,19.45,12.59,18.22,19.45,64,64,2223.47,639.03,116.79,7.10,1.62,1.00,11.98,16.57,17.89,11.98,16.57,17.89,61,61,2000.30,550.68,88.80,7.39,1.43,1.00
2023/07/24T10:55:12z,a8:48:fa:ca:a1:15,7.02,2.0+OPENLOG+15980 MB+DS3231+BME280+PMSX003-B+PMSX003-A,83,44,59,992.44,0.02,17840,-76,167081,12.04,18.02,23.62,12.04,18.02,23.62,64,64,2171.68,631.21,140.96,22.75,0.75,0.43,11.86,16.88,17.93,11.86,16.88,17.93,61,61,2045.48,552.57,100.72,6.62,1.21,0.41
2023/07/24T10:57:12z,a8:48:fa:ca:a1:15,7.02,2.0+OPENLOG+15980 MB+DS3231+BME280+PMSX003-B+PMSX003-A,83,44,59,992.52,0.02,17840,-76,167201,11.85,17.85,18.93,11.85,17.85,18.93,63,63,2129.67,610.73,117.76,10.29,0.36,0.36,11.79,17.88,23.44,11.79,17.88,23.44,64,64,2073.37,566.02,116.44,16.53,7.96,1.02
2023/07/24T10:59:12z,a8:48:fa:ca:a1:15,7.02,2.0+OPENLOG+15980 MB+DS3231+BME280+PMSX003-B+PMSX003-A,83,44,59,992.63,0.02,17840,-73,167321,12.14,18.05,21.17,12.14,18.05,21.17,64,64,2182.29,613.48,129.59,14.52,1.86,0.83,12.98,18.18,23.30,12.98,18.18,23.30,64,64,2189.25,601.00,111.77,12.18,6.29,2.18
2023/07/24T11:01:12z,a8:48:fa:ca:a1:15,7.02,2.0+OPENLOG+15980 MB+DS3231+BME280+PMSX003-B+PMSX003-A,83,44,59,992.63,0.02,17840,-74,167441,12.61,17.20,19.27,12.61,17.20,19.27,62,62,2174.62,628.46,108.77,10.07,0.36,0.00,11.56,16.73,20.15,11.56,16.73,20.15,61,61,1982.56,541.98,99.95,11.67,4.80,1.02
2023/07/24T11:03:13z,a8:48:fa:ca:a1:15,7.02,2.0+OPENLOG+15980 MB+DS3231+BME280+PMSX003-B+PMSX003-A,83,44,59,992.65,0.02,17672,-74,167562,12.12,17.39,20.88,12.12,17.39,20.88,62,62,2109.00,608.16,120.49,13.37,1.40,1.40,11.37,16.73,23.47,11.37,16.73,23.47,61,61,1960.88,534.08,108.24,17.49,10.07,0.68
2023/07/24T11:05:13z,a8:48:fa:ca:a1:15,7.02,2.0+OPENLOG+15980 MB+DS3231+BME280+PMSX003-B+PMSX003-A,83,44,59,992.69,0.02,17672,-74,167682,11.91,17.26,18.76,11.91,17.26,18.76,62,62,2112.47,614.17,110.02,9.31,0.48,0.48,12.04,16.80,21.15,12.04,16.80,21.15,61,61,2058.16,562.91,102.98,11.20,6.62,1.64
2023/07/24T11:07:13z,a8:48:fa:ca:a1:15,7.02,2.0+OPENLOG+15980 MB+DS3231+BME280+PMSX003-B+PMSX003-A,83,44,59,992.71,0.02,17840,-74,167802,12.52,17.77,20.70,12.52,17.77,20.70,63,63,2160.43,621.55,113.43,12.50,1.39,1.39,11.66,16.32,17.73,11.66,16.32,17.73,60,60,1964.30,534.80,97.45,8.46,1.46,1.00
2023/07/24T11:09:13z,a8:48:fa:ca:a1:15,7.02,2.0+OPENLOG+15980 MB+DS3231+BME280+PMSX003-B+PMSX003-A,83,44,59,992.70,0.02,17840,-74,167922,12.00,17.62,19.89,12.00,17.62,19.89,63,63,2095.75,605.27,125.07,13.35,1.31,0.00,10.98,16.11,20.72,10.98,16.11,20.72,60,60,1969.26,536.42,92.33,13.86,5.68,2.46
2023/07/24T11:11:13z,a8:48:fa:ca:a1:15,7.02,2.0+OPENLOG+15980 MB+DS3231+BME280+PMSX003-B+PMSX003-A,83,44,58,992.72,0.02,17840,-74,168042,11.35,16.00,16.82,11.35,16.00,16.82,60,60,1963.63,557.65,103.35,7.68,1.09,0.32,10.49,15.29,18.83,10.49,15.29,18.83,58,58,1844.95,506.07,85.76,13.76,4.95,1.02
2023/07/24T11:13:13z,a8:48:fa:ca:a1:15,7.02,2.0+OPENLOG+15980 MB+DS3231+BME280+PMSX003-B+PMSX003-A,83,43,58,992.78,0.02,17840,-73,168162,11.33,16.43,18.05,11.33,16.43,18.05,60,60,1973.79,568.10,106.74,11.59,0.55,0.55,10.52,15.39,18.88,10.52,15.39,18.88,58,58,1837.55,505.43,98.54,10.43,4.64,0.86
2023/07/24T11:15:13z,a8:48:fa:ca:a1:15,7.02,2.0+OPENLOG+15980 MB+DS3231+BME280+PMSX003-B+PMSX003-A,83,43,58,992.74,0.02,17840,-74,168282,10.66,14.88,15.09,10.66,14.88,15.09,57,57,1894.91,539.76,94.02,2.86,0.17,0.17,10.65,16.15,19.51,10.65,16.15,19.51,60,60,1906.69,521.02,101.16,12.76,4.47,0.15
2023/07/24T11:17:13z,a8:48:fa:ca:a1:15,7.02,2.0+OPENLOG+15980 MB+DS3231+BME280+PMSX003-B+PMSX003-A,83,43,58,992.70,0.02,17840,-73,168402,10.96,16.28,18.67,10.96,16.28,18.67,60,60,1961.72,559.74,110.61,11.63,1.48,0.96,10.39,15.22,21.20,10.39,15.22,21.20,58,58,1826.03,497.51,90.80,16.54,8.64,1.86
2023/07/24T11:19:13z,a8:48:fa:ca:a1:15,7.02,2.0+OPENLOG+15980 MB+DS3231+BME280+PMSX003-B+PMSX003-A,83,42,58,992.80,0.02,17840,-74,168522,10.65,15.84,17.93,10.65,15.84,17.93,59,59,1895.56,550.05,103.87,8.95,1.56,0.76,10.33,15.72,18.86,10.33,15.72,18.86,59,59,1828.97,503.09,103.69,11.93,4.79,1.00
2023/07/24T11:21:13z,a8:48:fa:ca:a1:15,7.02,2.0+OPENLOG+15980 MB+DS3231+BME280+PMSX003-B+PMSX003-A,83,41,57,992.80,0.02,17840,-73,168642,10.49,15.23,16.21,10.49,15.23,16.21,58,58,1880.53,535.81,103.07,6.77,0.00,0.00,10.86,15.66,17.12,10.86,15.66,17.12,59,59,1912.18,513.57,93.09,7.75,1.32,0.75
2023/07/24T11:23:13z,a8:48:fa:ca:a1:15,7.02,2.0+OPENLOG+15980 MB+DS3231+BME280+PMSX003-B+PMSX003-A,83,40,56,992.85,0.02,17840,-71,168762,10.61,14.58,14.96,10.61,14.58,14.96,56,56,1824.68,532.28,96.37,4.07,0.53,0.14,10.74,15.52,16.59,10.74,15.52,16.59,58,58,1850.89,513.63,89.22,6.74,0.44,0.33
2023/07/24T11:25:13z,a8:48:fa:ca:a1:15,7.02,2.0+OPENLOG+15980 MB+DS3231+BME280+PMSX003-B+PMSX003-A,83,39,55,992.81,0.02,17840,-71,168882,11.16,15.93,17.32,11.16,15.93,17.32,59,59,1962.11,560.62,100.21,6.79,1.75,1.29,10.15,14.83,16.93,10.15,14.83,16.93,57,57,1799.95,494.56,92.64,7.93,2.24,1.39
2023/07/24T11:27:13z,a8:48:fa:ca:a1:15,7.02,2.0+OPENLOG+15980 MB+DS3231+BME280+PMSX003-B+PMSX003-A,83,38,55,992.81,0.02,17840,-71,169002,9.83,13.76,16.54,9.83,13.76,16.54,55,55,1757.11,502.61,89.59,12.26,0.70,0.26,9.14,14.53,17.02,9.14,14.53,17.02,56,56,1737.47,460.81,86.11,11.47,3.86,0.18
2023/07/24T11:29:13z,a8:48:fa:ca:a1:15,7.02,2.0+OPENLOG+15980 MB+DS3231+BME280+PMSX003-B+PMSX003-A,83,38,54,992.79,0.02,17840,-71,169122,10.15,14.71,17.25,10.15,14.71,17.25,57,57,1826.08,524.58,100.98,12.75,0.44,0.17,9.52,14.57,18.05,9.52,14.57,18.05,56,56,1745.84,475.11,86.36,11.89,4.71,1.04
2023/07/24T11:31:13z,a8:48:fa:ca:a1:15,7.02,2.0+OPENLOG+15980 MB+DS3231+BME280+PMSX003-B+PMSX003-A,83,39,55,992.88,0.02,17840,-71,169242,10.16,14.05,15.55,10.16,14.05,15.55,55,55,1782.57,511.78,86.95,7.03,0.62,0.00,8.38,13.71,15.64,8.38,13.71,15.64,55,55,1659.00,453.27,85.13,8.07,1.71,1.27
2023/07/24T11:33:13z,a8:48:fa:ca:a1:15,7.02,2.0+OPENLOG+15980 MB+DS3231+BME280+PMSX003-B+PMSX003-A,83,40,56,992.88,0.02,17840,-71,169362,10.21,14.61,16.18,10.21,14.61,16.18,57,57,1836.32,529.28,99.96,7.40,0.67,0.25,9.86,14.16,15.72,9.86,14.16,15.72,56,56,1748.32,469.91,89.09,6.88,1.26,1.26
2023/07/24T11:35:13z,a8:48:fa:ca:a1:15,7.02,2.0+OPENLOG+15980 MB+DS3231+BME280+PMSX003-B+PMSX003-A,83,40,56,992.91,0.02,17840,-71,169482,9.69,14.43,15.37,9.69,14.43,15.37,56,56,1777.61,499.44,95.65,6.89,1.26,0.96,10.40,13.88,15.66,10.40,13.88,15.66,55,55,1723.29,473.76,76.90,5.83,2.59,0.90
2023/07/24T11:37:13z,a8:48:fa:ca:a1:15,7.02,2.0+OPENLOG+15980 MB+DS3231+BME280+PMSX003-B+PMSX003-A,82,42,57,992.91,0.02,17840,-71,169602,10.09,14.05,14.44,10.09,14.05,14.44,55,55,1797.37,505.02,94.77,2.00,0.35,0.35,9.58,13.70,16.02,9.58,13.70,16.02,55,55,1719.58,472.53,74.63,6.25,2.77,0.81
2023/07/24T11:39:13z,a8:48:fa:ca:a1:15,7.02,2.0+OPENLOG+15980 MB+DS3231+BME280+PMSX003-B+PMSX003-A,82,43,57,992.97,0.02,17840,-71,169722,10.07,14.93,15.51,10.07,14.93,15.51,57,57,1826.64,519.56,96.08,7.66,0.58,0.14,9.07,14.84,16.60,9.07,14.84,16.60,57,57,1733.62,464.78,91.16,9.24,1.96,1.05
2023/07/24T11:41:13z,a8:48:fa:ca:a1:15,7.02,2.0+OPENLOG+15980 MB+DS3231+BME280+PMSX003-B+PMSX003-A,82,43,57,993.04,0.02,17840,-71,169842,10.25,14.84,16.14,10.25,14.84,16.14,57,57,1874.11,536.12,91.68,8.60,0.32,0.00,10.00,14.39,17.33,10.00,14.39,17.33,56,56,1777.79,483.04,88.56,8.53,3.82,0.67
2023/07/24T11:43:13z,a8:48:fa:ca:a1:15,7.02,2.0+OPENLOG+15980 MB+DS3231+BME280+PMSX003-B+PMSX003-A,82,43,57,993.06,0.02,17840,-76,169962,9.85,14.26,15.94,9.85,14.26,15.94,56,56,1808.61,515.31,89.72,9.30,0.44,0.41,9.73,14.29,16.64,9.73,14.29,16.64,56,56,1757.03,474.05,76.75,10.44,3.69,0.00
2023/07/24T11:45:13z,a8:48:fa:ca:a1:15,7.02,2.0+OPENLOG+15980 MB+DS3231+BME280+PMSX003-B+PMSX003-A,83,43,58,993.06,0.02,17840,-76,170082,10.34,14.36,15.89,10.34,14.36,15.89,56,56,1821.21,526.25,101.00,4.54,1.82,1.46,9.51,15.02,17.53,9.51,15.02,17.53,57,57,1776.79,477.05,92.04,11.37,3.58,0.00
2023/07/24T11:47:13z,a8:48:fa:ca:a1:15,7.02,2.0+OPENLOG+15980 MB+DS3231+BME280+PMSX003-B+PMSX003-A,83,44,58,993.06,0.02,17840,-75,170202,10.19,14.64,16.36,10.19,14.64,16.36,57,57,1854.26,519.71,102.41,8.45,0.66,0.17,10.13,14.94,16.07,10.13,14.94,16.07,57,57,1803.22,489.48,91.56,6.44,1.56,1.37
2023/07/24T11:49:13z,a8:48:fa:ca:a1:15,7.02,2.0+OPENLOG+15980 MB+DS3231+BME280+PMSX003-B+PMSX003-A,83,44,59,993.02,0.02,17840,-75,170322,10.84,15.23,16.61,10.84,15.23,16.61,58,58,1954.05,554.81,97.81,5.79,1.82,1.09,9.20,14.71,16.48,9.20,14.71,16.48,57,57,1719.96,465.95,91.68,8.29,2.25,1.82
2023/07/24T11:51:13z,a8:48:fa:ca:a1:15,7.02,2.0+OPENLOG+15980 MB+DS3231+BME280+PMSX003-B+PMSX003-A,83,44,58,993.08,0.02,17840,-75,170442,10.05,15.11,15.71,10.05,15.11,15.71,58,58,1844.13,521.80,110.05,5.35,0.40,0.40,9.81,14.33,16.33,9.81,14.33,16.33,56,56,1753.81,479.93,82.81,6.62,3.31,0.00
2023/07/24T11:53:13z,a8:48:fa:ca:a1:15,7.02,2.0+OPENLOG+15980 MB+DS3231+BME280+PMSX003-B+PMSX003-A,83,43,58,993.07,0.02,17840,-76,170562,10.78,14.73,16.82,10.78,14.73,16.82,57,57,1849.75,523.13,100.89,8.84,0.00,0.00,10.14,15.02,17.72,10.14,15.02,17.72,57,57,1803.00,497.31,94.02,9.03,4.17,0.79
2023/07/24T11:55:13z,a8:48:fa:ca:a1:15,7.02,2.0+OPENLOG+15980 MB+DS3231+BME280+PMSX003-B+PMSX003-A,83,43,58,993.11,0.02,17840,-76,170682,10.28,14.61,16.05,10.28,14.61,16.05,57,57,1854.79,519.70,104.02,7.37,0.00,0.00,9.66,14.79,20.00,9.66,14.79,20.00,57,57,1764.91,474.77,95.64,13.86,8.25,0.89
2023/07/24T11:57:13z,a8:48:fa:ca:a1:15,7.02,2.0+OPENLOG+15980 MB+DS3231+BME280+PMSX003-B+PMSX003-A,84,43,59,993.15,0.02,17840,-73,170802,9.21,12.90,14.29,9.21,12.90,14.29,53,53,1718.43,480.59,85.81,4.10,1.79,0.79,8.36,13.27,14.18,8.36,13.27,14.18,54,54,1585.71,429.93,81.14,6.96,1.25,0.54
2023/07/24T11:59:13z,a8:48:fa:ca:a1:15,7.02,2.0+OPENLOG+15980 MB+DS3231+BME280+PMSX003-B+PMSX003-A,84,45,60,993.21,0.02,17840,-74,170922,8.16,12.00,13.84,8.16,12.00,13.84,50,50,1565.62,440.27,85.18,7.82,0.50,0.50,7.81,12.44,14.25,7.81,12.44,14.25,52,52,1504.47,407.08,81.08,8.44,1.66,1.49
2023/07/24T12:01:13z,a8:48:fa:ca:a1:15,7.02,2.0+OPENLOG+15980 MB+DS3231+BME280+PMSX003-B+PMSX003-A,84,46,61,993.23,0.02,17840,-73,171042,8.29,12.71,14.00,8.29,12.71,14.00,53,53,1544.29,436.36,85.84,8.76,1.31,1.31,7.55,12.52,15.14,7.55,12.52,15.14,52,52,1475.64,394.29,72.10,12.03,2.93,1.69
2023/07/24T12:03:14z,a8:48:fa:ca:a1:15,7.02,2.0+OPENLOG+15980 MB+DS3231+BME280+PMSX003-B+PMSX003-A,84,46,61,993.26,0.02,17672,-73,171162,8.17,11.57,13.22,8.17,11.57,13.22,48,48,1466.38,427.74,84.28,5.10,2.41,1.62,7.26,10.53,11.35,7.26,10.53,11.35,44,44,1459.11,383.63,65.09,5.23,0.74,0.14
2023/07/24T12:05:14z,a8:48:fa:ca:a1:15,7.02,2.0+OPENLOG+15980 MB+DS3231+BME280+PMSX003-B+PMSX003-A,85,48,63,993.33,0.02,17672,-73,171282,8.13,12.00,12.28,8.13,12.00,12.28,50,50,1455.50,426.26,78.91,4.81,0.48,0.00,7.14,11.02,12.78,7.14,11.02,12.78,46,46,1393.34,383.76,67.79,7.17,1.45,0.86
2023/07/24T12:07:14z,a8:48:fa:ca:a1:15,7.02,2.0+OPENLOG+15980 MB+DS3231+BME280+PMSX003-B+PMSX003-A,85,48,63,993.29,0.02,17840,-73,171402,6.81,10.16,10.40,6.81,10.16,10.40,42,42,1342.37,378.67,70.04,4.56,0.32,0.32,7.58,11.40,13.33,7.58,11.40,13.33,48,48,1448.37,396.58,68.53,7.23,1.09,1.09
2023/07/24T12:09:14z,a8:48:fa:ca:a1:15,7.02,2.0+OPENLOG+15980 MB+DS3231+BME280+PMSX003-B+PMSX003-A,85,48,63,993.31,0.02,17840,-73,171522,7.62,10.97,11.95,7.62,10.97,11.95,46,46,1436.64,406.34,77.47,5.83,0.07,0.07,8.12,11.34,12.73,8.12,11.34,12.73,47,47,1535.09,410.84,72.32,4.21,0.71,0.71
2023/07/24T12:11:14z,a8:48:fa:ca:a1:15,7.02,2.0+OPENLOG+15980 MB+DS3231+BME280+PMSX003-B+PMSX003-A,85,48,63,993.33,0.02,17840,-73,171642,7.66,11.12,11.76,7.66,11.12,11.76,46,46,1422.81,406.83,77.92,4.44,0.41,0.41,7.47,11.07,11.84,7.47,11.07,11.84,46,46,1446.67,396.40,65.34,4.86,0.86,0.86
2023/07/24T12:13:14z,a8:48:fa:ca:a1:15,7.02,2.0+OPENLOG+15980 MB+DS3231+BME280+PMSX003-B+PMSX003-A,86,48,64,993.33,0.02,17840,-73,171762,8.22,11.95,12.95,8.22,11.95,12.95,50,50,1497.76,427.20,81.29,4.51,1.38,0.95,7.64,11.28,12.34,7.64,11.28,12.34,47,47,1436.69,390.78,75.00,4.17,1.38,0.79
2023/07/24T12:15:14z,a8:48:fa:ca:a1:15,7.02,2.0+OPENLOG+15980 MB+DS3231+BME280+PMSX003-B+PMSX003-A,86,49,64,993.28,0.02,17840,-73,171882,8.29,11.21,11.95,8.29,11.21,11.95,47,47,1490.95,423.77,69.27,4.25,1.11,0.50,7.97,11.62,13.36,7.97,11.62,13.36,48,48,1526.95,412.72,72.57,6.28,1.66,1.31
2023/07/24T12:17:14z,a8:48:fa:ca:a1:15,7.02,2.0+OPENLOG+15980 MB+DS3231+BME280+PMSX003-B+PMSX003-A,86,50,65,993.24,0.02,17840,-73,172002,6.93,10.31,12.47,6.93,10.31,12.47,43,43,1342.03,382.53,70.93,7.52,1.34,0.83,6.93,10.54,13.47,6.93,10.54,13.47,44,44,1351.53,374.58,78.58,8.53,4.14,0.53
2023/07/24T12:19:14z,a8:48:fa:ca:a1:15,7.02,2.0+OPENLOG+15980 MB+DS3231+BME280+PMSX003-B+PMSX003-A,86,50,65,993.29,0.02,17840,-73,172122,6.81,10.09,11.95,6.81,10.09,11.95,42,42,1325.12,378.71,77.31,6.48,0.86,0.86,6.76,10.05,11.76,6.76,10.05,11.76,42,42,1304.02,362.62,68.31,5.96,1.93,1.56
2023/07/24T12:21:14z,a8:48:fa:ca:a1:15,7.02,2.0+OPENLOG+15980 MB+DS3231+BME280+PMSX003-B+PMSX003-A,86,50,65,993.27,0.02,17840,-73,172242,8.30,12.04,12.86,8.30,12.04,12.86,51,51,1547.89,439.75,81.43,5.61,1.07,0.36,7.17,10.24,11.28,7.17,10.24,11.28,43,43,1382.28,370.66,67.45,4.83,0.66,0.66
2023/07/24T12:23:14z,a8:48:fa:ca:a1:15,7.02,2.0+OPENLOG+15980 MB+DS3231+BME280+PMSX003-B+PMSX003-A,86,49,65,993.25,0.02,17840,-76,172362,7.34,10.55,11.88,7.34,10.55,11.88,44,44,1398.00,395.21,71.66,4.57,1.71,1.71,6.68,9.32,11.04,6.68,9.32,11.04,39,39,1249.82,349.89,62.57,6.07,2.21,1.29
2023/07/24T12:25:14z,a8:48:fa:ca:a1:15,7.02,2.0+OPENLOG+15980 MB+DS3231+BME280+PMSX003-B+PMSX003-A,87,50,66,993.30,0.02,17840,-75,172482,7.62,11.31,14.62,7.62,11.31,14.62,47,47,1411.03,398.97,83.66,12.62,1.28,0.86,6.40,9.26,11.82,6.40,9.26,11.82,39,39,1196.58,331.23,63.23,8.39,2.53,2.18
2023/07/24T12:27:14z,a8:48:fa:ca:a1:15,7.02,2.0+OPENLOG+15980 MB+DS3231+BME280+PMSX003-B+PMSX003-A,87,49,65,993.35,0.02,17840,-74,172602,7.75,10.60,11.14,7.75,10.60,11.14,44,44,1434.42,406.32,65.67,4.07,0.39,0.39,6.49,9.85,10.09,6.49,9.85,10.09,41,41,1290.11,352.27,62.18,4.18,0.29,0.18
2023/07/24T12:29:14z,a8:48:fa:ca:a1:15,7.02,2.0+OPENLOG+15980 MB+DS3231+BME280+PMSX003-B+PMSX003-A,87,49,66,993.42,0.02,17840,-73,172722,7.12,10.65,12.39,7.12,10.65,12.39,44,44,1330.47,378.21,75.86,8.70,0.81,0.46,6.93,9.69,10.51,6.93,9.69,10.51,40,40,1329.41,349.53,64.85,4.44,1.36,0.61
2023/07/24T12:31:14z,a8:48:fa:ca:a1:15,7.02,2.0+OPENLOG+15980 MB+DS3231+BME280+PMSX003-B+PMSX003-A,87,50,66,993.37,0.02,17840,-73,172842,7.55,11.36,12.04,7.55,11.36,12.04,47,47,1363.42,398.55,81.00,4.91,0.55,0.00,7.88,12.12,14.88,7.88,12.12,14.88,51,51,1482.25,413.36,84.07,8.58,4.44,0.54
2023/07/24T12:33:14z,a8:48:fa:ca:a1:15,7.02,2.0+OPENLOG+15980 MB+DS3231+BME280+PMSX003-B+PMSX003-A,87,50,66,993.38,0.02,17840,-73,172962,7.88,11.59,13.45,7.88,11.59,13.45,48,48,1460.12,410.62,77.72,6.97,2.69,1.52,7.30,10.23,12.98,7.30,10.23,12.98,43,43,1406.21,381.98,61.51,8.60,4.39,0.39
2023/07/24T12:35:14z,a8:48:fa:ca:a1:15,7.02,2.0+OPENLOG+15980 MB+DS3231+BME280+PMSX003-B+PMSX003-A,87,50,66,993.40,0.02,17840,-73,173082,8.45,12.72,13.43,8.45,12.72,13.43,53,53,1508.95,429.91,86.02,6.24,0.59,0.55,8.11,11.38,12.58,8.11,11.38,12.58,47,47,1507.09,407.38,72.62,6.18,1.24,0.91
2023/07/24T12:37:14z,a8:48:fa:ca:a1:15,7.02,2.0+OPENLOG+15980 MB+DS3231+BME280+PMSX003-B+PMSX003-A,87,50,66,993.28,0.02,17840,-73,173202,7.93,11.58,13.84,7.93,11.58,13.84,48,48,1469.95,423.89,85.82,7.33,2.07,1.61,7.84,11.51,13.25,7.84,11.51,13.25,48,48,1498.95,411.02,74.88,7.37,2.00,1.05
2023/07/24T12:39:14z,a8:48:fa:ca:a1:15,7.02,2.0+OPENLOG+15980 MB+DS3231+BME280+PMSX003-B+PMSX003-A,87,50,66,993.31,0.02,17840,-73,173322,7.83,11.20,12.63,7.83,11.20,12.63,47,47,1451.50,408.35,72.46,7.30,0.67,0.00,7.26,11.28,13.77,7.26,11.28,13.77,47,47,1421.74,390.00,72.32,9.54,2.81,2.00
2023/07/24T12:41:14z,a8:48:fa:ca:a1:15,7.02,2.0+OPENLOG+15980 MB+DS3231+BME280+PMSX003-B+PMSX003-A,87,50,66,993.27,0.02,17840,-73,173442,7.48,11.61,12.05,7.48,11.61,12.05,48,48,1388.14,399.32,79.52,4.11,0.54,0.54,6.49,9.47,12.28,6.49,9.47,12.28,39,39,1297.21,348.77,66.46,7.40,4.07,0.32
2023/07/24T12:43:14z,a8:48:fa:ca:a1:15,7.02,2.0+OPENLOG+15980 MB+DS3231+BME280+PMSX003-B+PMSX003-A,88,50,67,993.29,0.02,17840,-73,173562,8.50,12.50,14.62,8.50,12.50,14.62,52,52,1597.86,458.81,92.79,7.59,1.52,1.00,8.16,11.14,12.18,8.16,11.14,12.18,46,46,1504.89,411.88,68.35,4.95,1.12,0.28
2023/07/24T12:45:14z,a8:48:fa:ca:a1:15,7.02,2.0+OPENLOG+15980 MB+DS3231+BME280+PMSX003-B+PMSX003-A,88,50,67,993.24,0.02,17840,-73,173682,7.88,10.51,11.54,7.88,10.51,11.54,44,44,1452.51,407.12,73.12,2.78,1.39,1.02,7.04,10.86,14.29,7.04,10.86,14.29,45,45,1358.41,373.29,75.04,10.39,5.04,1.25
2023/07/24T12:47:14z,a8:48:fa:ca:a1:15,7.02,2.0+OPENLOG+15980 MB+DS3231+BME280+PMSX003-B+PMSX003-A,88,50,67,993.22,0.02,17840,-74,173802,7.89,11.12,12.67,7.89,11.12,12.67,46,46,1442.89,409.21,76.93,7.75,0.46,0.42,7.17,10.83,14.28,7.17,10.83,14.28,45,45,1413.62,384.90,74.98,9.66,3.83,3.21
2023/07/24T12:49:14z,a8:48:fa:ca:a1:15,7.02,2.0+OPENLOG+15980 MB+DS3231+BME280+PMSX003-B+PMSX003-A,88,50,67,993.23,0.02,17840,-75,173922,7.82,11.38,12.84,7.82,11.38,12.84,47,47,1505.95,419.80,74.18,5.64,1.93,1.04,7.59,11.21,12.98,7.59,11.21,12.98,47,47,1459.45,389.66,69.97,9.86,1.79,0.86
2023/07/24T12:51:14z,a8:48:fa:ca:a1:15,7.02,2.0+OPENLOG+15980 MB+DS3231+BME280+PMSX003-B+PMSX003-A,88,50,67,993.26,0.02,17840,-75,174042,7.96,11.05,12.53,7.96,11.05,12.53,46,46,1430.21,406.77,69.93,7.75,0.49,0.49,7.62,10.80,13.51,7.62,10.80,13.51,45,45,1484.07,397.58,71.96,6.15,3.31,2.87
2023/07/24T12:53:14z,a8:48:fa:ca:a1:15,7.02,2.0+OPENLOG+15980 MB+DS3231+BME280+PMSX003-B+PMSX003-A,88,50,67,993.25,0.02,17840,-75,174162,8.19,11.26,12.42,8.19,11.26,12.42,47,47,1465.42,417.89,69.23,4.49,1.51,1.51,7.25,10.95,14.13,7.25,10.95,14.13,46,46,1490.67,388.69,67.49,9.49,4.87,1.49
2023/07/24T12:55:14z,a8:48:fa:ca:a1:15,7.02,2.0+OPENLOG+15980 MB+DS3231+BME280+PMSX003-B+PMSX003-A,88,51,67,993.31,0.02,17840,-76,174282,7.84,11.66,13.07,7.84,11.66,13.07,49,49,1450.23,416.29,77.98,6.61,2.04,1.14,7.33,10.21,11.33,7.33,10.21,11.33,43,43,1438.71,386.67,61.00,3.66,1.34,1.07
2023/07/24T12:57:14z,a8:48:fa:ca:a1:15,7.02,2.0+OPENLOG+15980 MB+DS3231+BME280+PMSX003-B+PMSX003-A,88,51,67,993.34,0.02,17840,-75,174402,9.13,12.76,13.05,9.13,12.76,13.05,53,53,1588.64,454.60,90.05,3.35,0.40,0.40,8.33,11.93,15.83,8.33,11.93,15.83,50,50,1565.38,432.31,78.59,11.07,5.41,1.72
2023/07/24T12:59:14z,a8:48:fa:ca:a1:15,7.02,2.0+OPENLOG+15980 MB+DS3231+BME280+PMSX003-B+PMSX003-A,88,51,67,993.35,0.02,17840,-75,174522,8.16,12.22,13.57,8.16,12.22,13.57,51,51,1543.86,436.28,89.76,7.17,0.17,0.00,7.88,10.93,12.32,7.88,10.93,12.32,46,46,1540.55,409.29,66.04,6.29,1.36,0.36
2023/07/24T13:01:14z,a8:48:fa:ca:a1:15,7.02,2.0+OPENLOG+15980 MB+DS3231+BME280+PMSX003-B+PMSX003-A,88,51,67,993.38,0.02,17840,-75,174642,8.07,10.78,11.41,8.07,10.78,11.41,45,45,1420.55,401.62,68.72,2.86,1.10,0.41,6.36,9.80,11.89,6.36,9.80,11.89,41,41,1310.62,348.16,62.29,8.29,2.50,2.11
2023/07/24T13:03:15z,a8:48:fa:ca:a1:15,7.02,2.0+OPENLOG+15980 MB+DS3231+BME280+PMSX003-B+PMSX003-A,88,51,67,993.40,0.02,17672,-76,174763,9.30,12.35,14.02,9.30,12.35,14.02,52,52,1595.21,460.60,88.07,7.09,0.74,0.56,7.32,10.89,12.70,7.32,10.89,12.70,45,45,1428.11,385.63,67.72,7.61,2.46,1.23
2023/07/24T13:05:15z,a8:48:fa:ca:a1:15,7.02,2.0+OPENLOG+15980 MB+DS3231+BME280+PMSX003-B+PMSX003-A,88,51,67,993.37,0.02,17672,-75,174883,9.03,13.39,14.36,9.03,13.39,14.36,54,54,1574.69,451.36,92.66,8.24,0.88,0.88,7.87,10.38,12.93,7.87,10.38,12.93,43,43,1442.95,401.73,60.55,6.95,3.75,0.65
2023/07/24T13:07:15z,a8:48:fa:ca:a1:15,7.02,2.0+OPENLOG+15980 MB+DS3231+BME280+PMSX003-B+PMSX003-A,88,51,67,993.37,0.02,17840,-75,175003,8.65,12.18,14.26,8.65,12.18,14.26,51,51,1589.00,461.47,89.65,7.51,1.23,0.95,7.49,10.82,12.04,7.49,10.82,12.04,45,45,1417.05,397.05,67.19,6.42,1.51,0.18
2023/07/24T13:09:15z,a8:48:fa:ca:a1:15,7.02,2.0+OPENLOG+15980 MB+DS3231+BME280+PMSX003-B+PMSX003-A,88,51,67,993.32,0.02,17840,-75,175123,8.61,11.75,13.68,8.61,11.75,13.68,49,49,1594.66,451.21,78.02,7.93,1.14,0.32,7.69,10.46,12.05,7.69,10.46,12.05,44,44,1481.44,400.22,61.90,5.22,1.25,1.25
2023/07/24T13:11:15z,a8:48:fa:ca:a1:15,7.02,2.0+OPENLOG+15980 MB+DS3231+BME280+PMSX003-B+PMSX003-A,88,51,67,993.29,0.02,17840,-75,175243,9.19,12.74,13.82,9.19,12.74,13.82,53,53,1561.63,445.93,96.21,2.53,1.19,1.02,7.45,11.14,12.38,7.45,11.14,12.38,46,46,1471.09,399.98,69.97,4.72,1.79,0.83
2023/07/24T13:13:15z,a8:48:fa:ca:a1:15,7.02,2.0+OPENLOG+15980 MB+DS3231+BME280+PMSX003-B+PMSX003-A,88,51,67,993.28,0.02,17840,-75,175363,9.05,12.58,13.07,9.05,12.58,13.07,52,52,1594.68,451.51,84.35,3.58,0.77,0.46,7.65,11.29,11.71,7.65,11.29,11.71,47,47,1461.38,397.09,69.49,6.22,0.51,0.51
2023/07/24T13:15:15z,a8:48:fa:ca:a1:15,7.02,2.0+OPENLOG+15980 MB+DS3231+BME280+PMSX003-B+PMSX003-A,88,51,67,993.31,0.02,17840,-75,175483,7.84,11.31,12.17,7.84,11.31,12.17,47,47,1426.66,403.29,82.45,5.97,0.86,0.86,7.04,10.24,10.24,7.04,10.24,10.24,43,43,1371.49,371.75,64.91,4.15,0.00,0.00
2023/07/24T13:17:15z,a8:48:fa:ca:a1:15,7.02,2.0+OPENLOG+15980 MB+DS3231+BME280+PMSX003-B+PMSX003-A,88,50,67,993.33,0.02,17840,-75,175603,7.91,11.29,12.38,7.91,11.29,12.38,47,47,1469.45,419.16,87.64,3.38,1.42,0.98,7.16,10.62,11.55,7.16,10.62,11.55,44,44,1408.14,381.71,66.72,4.90,1.28,0.34
2023/07/24T13:19:15z,a8:48:fa:ca:a1:15,7.02,2.0+OPENLOG+15980 MB+DS3231+BME280+PMSX003-B+PMSX003-A,89,50,68,993.38,0.02,17840,-75,175723,7.91,11.60,12.67,7.91,11.60,12.67,48,48,1500.87,427.91,84.82,5.24,1.35,1.35,7.76,11.12,12.05,7.76,11.12,12.05,46,46,1518.93,412.69,68.69,5.24,0.97,0.41
2023/07/24T13:21:15z,a8:48:fa:ca:a1:15,7.02,2.0+OPENLOG+15980 MB+DS3231+BME280+PMSX003-B+PMSX003-A,89,50,68,993.40,0.02,17840,-76,175843,8.26,11.71,13.50,8.26,11.71,13.50,49,49,1503.83,429.21,83.28,7.59,0.72,0.72,7.43,10.77,12.00,7.43,10.77,12.00,45,45,1447.50,391.30,72.18,4.89,1.71,0.57
2023/07/24T13:23:15z,a8:48:fa:ca:a1:15,7.02,2.0+OPENLOG+15980 MB+DS3231+BME280+PMSX003-B+PMSX003-A,89,50,68,993.40,0.02,17840,-75,175963,9.57,13.17,13.62,9.57,13.17,13.62,53,53,1673.28,477.59,90.36,3.38,0.38,0.38,8.34,11.32,13.27,8.34,11.32,13.27,47,47,1578.59,422.25,71.61,7.04,2.39,1.96
2023/07/24T13:25:15z,a8:48:fa:ca:a1:15,7.02,2.0+OPENLOG+15980 MB+DS3231+BME280+PMSX003-B+PMSX003-A,89,50,68,993.43,0.02,17840,-75,176083,9.11,13.00,16.57,9.11,13.00,16.57,53,53,1702.78,480.39,89.74,12.37,1.89,0.96,8.79,12.77,13.14,8.79,12.77,13.14,53,53,1623.74,446.00,81.09,5.96,0.14,0.14
2023/07/24T13:27:15z,a8:48:fa:ca:a1:15,7.02,2.0+OPENLOG+15980 MB+DS3231+BME280+PMSX003-B+PMSX003-A,89,51,68,993.50,0.02,17840,-76,176203,9.56,13.96,15.85,9.56,13.96,15.85,55,55,1721.56,489.78,103.46,10.48,0.70,0.41,8.19,11.12,12.25,8.19,11.12,12.25,46,46,1515.47,413.84,73.05,3.72,1.37,0.95
2023/07/24T13:29:15z,a8:48:fa:ca:a1:15,7.02,2.0+OPENLOG+15980 MB+DS3231+BME280+PMSX003-B+PMSX003-A,89,50,68,993.50,0.02,17840,-75,176323,9.95,14.12,15.60,9.95,14.12,15.60,56,56,1801.00,518.75,105.25,7.09,0.32,0.00,9.55,13.12,16.45,9.55,13.12,16.45,53,53,1732.98,478.05,80.18,9.54,4.82,0.82
2023/07/24T13:31:15z,a8:48:fa:ca:a1:15,7.02,2.0+OPENLOG+15980 MB+DS3231+BME280+PMSX003-B+PMSX003-A,89,50,68,993.63,0.02,17840,-75,176443,9.30,12.96,13.60,9.30,12.96,13.60,53,53,1621.11,474.53,90.77,3.19,0.74,0.74,8.63,11.85,12.94,8.63,11.85,12.94,49,49,1542.56,421.33,74.70,5.15,1.07,1.04
2023/07/24T13:33:15z,a8:48:fa:ca:a1:15,7.02,2.0+OPENLOG+15980 MB+DS3231+BME280+PMSX003-B+PMSX003-A,89,50,68,993.62,0.02,17840,-75,176563,10.12,13.35,15.21,10.12,13.35,15.21,54,54,1748.58,492.40,89.02,6.63,0.98,0.95,8.52,11.55,12.68,8.52,11.55,12.68,48,48,1620.00,435.96,60.89,5.82,1.14,0.75
2023/07/24T13:35:15z,a8:48:fa:ca:a1:15,7.02,2.0+OPENLOG+15980 MB+DS3231+BME280+PMSX003-B+PMSX003-A,89,50,68,993.63,0.02,17840,-76,176683,10.13,14.69,17.96,10.13,14.69,17.96,57,57,1855.80,527.13,102.31,12.98,1.82,1.38,9.40,12.84,14.50,9.40,12.84,14.50,53,53,1738.55,470.05,83.31,5.10,1.62,1.31
2023/07/24T13:37:15z,a8:48:fa:ca:a1:15,7.02,2.0+OPENLOG+15980 MB+DS3231+BME280+PMSX003-B+PMSX003-A,89,50,68,993.67,0.02,17840,-76,176803,9.16,13.39,15.60,9.16,13.39,15.60,54,54,1681.95,473.44,95.65,8.91,1.30,1.30,9.46,13.24,14.86,9.46,13.24,14.86,54,54,1709.03,481.46,75.12,5.80,2.07,1.66
2023/07/24T13:39:15z,a8:48:fa:ca:a1:15,7.02,2.0+OPENLOG+15980 MB+DS3231+BME280+PMSX003-B+PMSX003-A,89,50,68,993.70,0.02,17840,-75,176923,9.28,13.14,14.21,9.28,13.14,14.21,53,53,1625.48,471.93,82.76,4.69,1.03,1.03,8.41,11.39,12.80,8.41,11.39,12.80,47,47,1583.73,427.20,64.32,6.89,1.21,0.86
2023/07/24T13:41:15z,a8:48:fa:ca:a1:15,7.02,2.0+OPENLOG+15980 MB+DS3231+BME280+PMSX003-B+PMSX003-A,89,50,68,993.76,0.02,17840,-73,177043,9.17,13.62,13.93,9.17,13.62,13.93,54,54,1645.19,474.91,92.62,5.14,0.59,0.17,8.56,12.74,14.65,8.56,12.74,14.65,53,53,1657.58,446.56,88.46,7.75,2.39,1.44
2023/07/24T13:43:15z,a8:48:fa:ca:a1:15,7.02,2.0+OPENLOG+15980 MB+DS3231+BME280+PMSX003-B+PMSX003-A,89,50,68,993.84,0.02,17840,-73,177163,8.85,12.47,15.71,8.85,12.47,15.71,52,52,1620.71,456.91,87.31,11.09,1.02,1.02,8.48,12.09,13.33,8.48,12.09,13.33,51,51,1647.31,448.19,68.17,6.17,1.41,0.17
2023/07/24T13:45:15z,a8:48:fa:ca:a1:15,7.02,2.0+OPENLOG+15980 MB+DS3231+BME280+PMSX003-B+PMSX003-A,89,51,68,993.84,0.02,17840,-72,177283,9.64,14.25,15.64,9.64,14.25,15.64,56,56,1719.86,490.61,98.14,9.75,0.36,0.00,9.36,13.60,14.48,9.36,13.60,14.48,54,54,1706.33,477.17,82.90,6.24,1.24,0.76
2023/07/24T13:47:15z,a8:48:fa:ca:a1:15,7.02,2.0+OPENLOG+15980 MB+DS3231+BME280+PMSX003-B+PMSX003-A,89,51,68,993.96,0.02,17840,-72,177403,9.86,13.59,13.88,9.86,13.59,13.88,54,54,1747.78,493.37,81.86,4.24,0.41,0.41,8.73,12.53,17.67,8.73,12.53,17.67,52,52,1621.42,444.76,87.38,13.42,8.25,0.33
2023/07/24T13:49:15z,a8:48:fa:ca:a1:15,7.02,2.0+OPENLOG+15980 MB+DS3231+BME280+PMSX003-B+PMSX003-A,89,51,68,993.99,0.02,17840,-73,177523,10.19,14.37,15.35,10.19,14.37,15.35,56,56,1785.21,508.93,86.74,7.93,1.40,0.91,8.96,12.47,13.78,8.96,12.47,13.78,52,52,1661.02,450.47,77.95,6.91,0.98,0.69
2023/07/24T13:51:15z,a8:48:fa:ca:a1:15,7.02,2.0+OPENLOG+15980 MB+DS3231+BME280+PMSX003-B+PMSX003-A,89,51,68,994.02,0.02,17840,-73,177643,10.93,15.51,17.85,10.93,15.51,17.85,58,58,1929.00,547.16,104.36,9.89,1.45,1.16,9.02,12.78,15.56,9.02,12.78,15.56,53,53,1711.27,468.53,78.53,9.12,3.80,0.51
2023/07/24T13:53:15z,a8:48:fa:ca:a1:15,7.02,2.0+OPENLOG+15980 MB+DS3231+BME280+PMSX003-B+PMSX003-A,89,51,68,994.05,0.02,17840,-72,177763,11.38,15.06,16.68,11.38,15.06,16.68,58,58,1962.96,560.23,94.91,6.49,1.32,1.32,9.32,13.61,16.89,9.32,13.61,16.89,54,54,1826.26,493.68,83.61,11.58,5.02,0.60
2023/07/24T13:55:15z,a8:48:fa:ca:a1:15,7.02,2.0+OPENLOG+15980 MB+DS3231+BME280+PMSX003-B+PMSX003-A,89,52,69,994.04,0.02,17840,-73,177883,11.73,15.81,17.49,11.73,15.81,17.49,59,59,2011.58,570.08,99.22,9.49,0.47,0.47,9.50,13.77,15.93,9.50,13.77,15.93,55,55,1878.80,497.66,84.89,8.21,2.64,1.11
2023/07/24T13:57:15z,a8:48:fa:ca:a1:15,7.02,2.0+OPENLOG+15980 MB+DS3231+BME280+PMSX003-B+PMSX003-A,89,52,69,994.05,0.02,17840,-73,178003,12.22,17.19,19.93,12.22,17.19,19.93,62,62,2234.48,628.36,120.00,11.69,0.52,0.52,11.13,14.55,16.62,11.13,14.55,16.62,56,56,1973.62,542.65,88.98,6.95,1.38,0.58
2023/07/24T13:59:15z,a8:48:fa:ca:a1:15,7.02,2.0+OPENLOG+15980 MB+DS3231+BME280+PMSX003-B+PMSX003-A,89,53,69,994.12,0.02,17840,-72,178123,15.45,21.00,22.44,15.45,21.00,22.44,70,70,2632.15,750.22,128.98,7.31,1.85,1.31,14.44,19.88,26.86,14.44,19.88,26.86,68,68,2580.16,715.58,122.25,17.02,10.56,1.30
2023/07/24T14:01:15z,a8:48:fa:ca:a1:15,7.02,2.0+OPENLOG+15980 MB+DS3231+BME280+PMSX003-B+PMSX003-A,89,53,69,994.21,0.02,17840,-73,178243,13.91,19.89,22.63,13.91,19.89,22.63,68,68,2434.44,693.70,123.41,12.89,2.26,1.74,14.12,18.63,21.73,14.12,18.63,21.73,65,65,2470.22,686.90,108.31,9.80,3.39,1.69
2023/07/24T14:03:15z,a8:48:fa:ca:a1:15,7.02,2.0+OPENLOG+15980 MB+DS3231+BME280+PMSX003-B+PMSX003-A,89,53,69,994.24,0.02,17672,-73,178364,12.58,17.95,21.63,12.58,17.95,21.63,64,64,2194.27,628.32,110.81,16.00,2.17,2.17,11.59,16.09,19.16,11.59,16.09,19.16,60,60,2172.05,587.41,99.71,9.61,4.75,0.04
2023/07/24T14:05:15z,a8:48:fa:ca:a1:15,7.02,2.0+OPENLOG+15980 MB+DS3231+BME280+PMSX003-B+PMSX003-A,89,53,69,994.28,0.02,17672,-73,178484,11.91,16.29,17.78,11.91,16.29,17.78,60,60,2104.09,597.93,93.87,7.05,1.89,1.89,10.75,14.20,15.31,10.75,14.20,15.31,56,56,1993.47,534.90,86.98,5.86,1.08,0.51
2023/07/24T14:07:15z,a8:48:fa:ca:a1:15,7.02,2.0+OPENLOG+15980 MB+DS3231+BME280+PMSX003-B+PMSX003-A,89,53,69,994.26,0.02,17840,-73,178604,11.38,15.95,16.27,11.38,15.95,16.27,59,59,2021.79,580.68,103.66,2.14,0.46,0.46,10.60,14.67,18.60,10.60,14.67,18.60,57,57,1983.63,532.74,94.56,10.56,5.68,1.68
2023/07/24T14:09:15z,a8:48:fa:ca:a1:15,7.02,2.0+OPENLOG+15980 MB+DS3231+BME280+PMSX003-B+PMSX003-A,89,52,69,994.28,0.02,17840,-73,178724,11.11,15.53,17.09,11.11,15.53,17.09,59,59,1969.84,557.04,99.72,9.44,0.35,0.14,10.52,13.89,16.07,10.52,13.89,16.07,55,55,1996.82,536.80,79.21,6.43,3.14,1.07
2023/07/24T14:11:15z,a8:48:fa:ca:a1:15,7.02,2.0+OPENLOG+15980 MB+DS3231+BME280+PMSX003-B+PMSX003-A,89,52,69,994.31,0.02,17840,-72,178844,11.45,15.34,15.86,11.45,15.34,15.86,58,58,2009.73,566.14,89.70,4.68,0.79,0.79,10.79,14.46,16.98,10.79,14.46,16.98,56,56,2072.73,552.43,82.27,7.46,2.82,1.39
2023/07/24T14:13:15z,a8:48:fa:ca:a1:15,7.02,2.0+OPENLOG+15980 MB+DS3231+BME280+PMSX003-B+PMSX003-A,89,52,69,994.35,0.02,17840,-72,178964,12.06,16.73,19.40,12.06,16.73,19.40,61,61,2168.88,617.77,113.56,8.81,1.54,1.54,10.64,15.49,17.07,10.64,15.49,17.07,58,58,2041.42,549.47,86.75,9.83,1.56,1.56
2023/07/24T14:15:15z,a8:48:fa:ca:a1:15,7.02,2.0+OPENLOG+15980 MB+DS3231+BME280+PMSX003-B+PMSX003-A,89,52,69,994.43,0.02,17840,-72,179084,11.35,15.22,16.76,11.35,15.22,16.76,58,58,2018.78,570.58,103.13,5.89,0.95,0.95,10.43,14.28,16.53,10.43,14.28,16.53,56,56,1924.60,517.64,72.86,7.31,2.79,2.00
2023/07/24T14:17:15z,a8:48:fa:ca:a1:15,7.02,2.0+OPENLOG+15980 MB+DS3231+BME280+PMSX003-B+PMSX003-A,89,52,69,994.44,0.02,17840,-72,179204,11.90,16.60,17.59,11.90,16.60,17.59,61,61,2110.97,603.57,99.43,7.17,0.93,0.93,11.29,15.29,16.52,11.29,15.29,16.52,58,58,2081.41,561.38,89.34,5.79,1.61,1.11
2023/07/24T14:19:15z,a8:48:fa:ca:a1:15,7.02,2.0+OPENLOG+15980 MB+DS3231+BME280+PMSX003-B+PMSX003-A,89,52,69,994.46,0.02,17840,-72,179324,11.25,15.68,16.88,11.25,15.68,16.88,59,59,2016.92,568.53,103.83,5.66,1.93,0.51,10.78,15.40,16.09,10.78,15.40,16.09,58,58,1962.38,530.53,84.91,8.80,1.02,1.02
2023/07/24T14:21:15z,a8:48:fa:ca:a1:15,7.02,2.0+OPENLOG+15980 MB+DS3231+BME280+PMSX003-B+PMSX003-A,89,52,69,994.47,0.02,17840,-72,179444,10.82,15.13,17.31,10.82,15.13,17.31,58,58,1962.33,551.87,104.27,10.44,0.36,0.00,9.84,13.66,17.05,9.84,13.66,17.05,55,55,1900.45,507.52,75.53,11.76,4.59,0.59
2023/07/24T14:23:15z,a8:48:fa:ca:a1:15,7.02,2.0+OPENLOG+15980 MB+DS3231+BME280+PMSX003-B+PMSX003-A,89,52,69,994.54,0.02,17840,-71,179564,11.84,16.27,18.02,11.84,16.27,18.02,60,60,2068.55,596.57,95.48,9.68,0.79,0.64,11.66,15.50,20.93,11.66,15.50,20.93,58,58,2086.29,577.59,92.91,14.04,7.57,1.54
2023/07/24T14:25:15z,a8:48:fa:ca:a1:15,7.02,2.0+OPENLOG+15980 MB+DS3231+BME280+PMSX003-B+PMSX003-A,89,53,69,994.54,0.02,17840,-72,179684,12.97,17.80,18.49,12.97,17.80,18.49,63,63,2282.64,648.10,107.78,6.17,0.75,0.75,11.42,15.96,19.91,11.42,15.96,19.91,59,59,2198.42,582.02,99.25,10.70,6.39,0.32
2023/07/24T14:27:15z,a8:48:fa:ca:a1:15,7.02,2.0+OPENLOG+15980 MB+DS3231+BME280+PMSX003-B+PMSX003-A,89,53,69,994.60,0.02,17840,-72,179804,12.80,17.36,18.63,12.80,17.36,18.63,62,62,2193.10,627.07,104.64,6.88,0.95,0.54,12.22,16.76,17.49,12.22,16.76,17.49,61,61,2229.60,598.73,96.27,7.75,0.15,0.15
2023/07/24T14:29:15z,a8:48:fa:ca:a1:15,7.02,2.0+OPENLOG+15980 MB+DS3231+BME280+PMSX003-B+PMSX003-A,89,54,70,994.60,0.02,17840,-72,179924,14.39,20.36,23.04,14.39,20.36,23.04,69,69,2540.95,724.02,135.70,12.79,1.32,0.50,14.91,21.09,24.43,14.91,21.09,24.43,70,70,2688.98,729.52,129.34,13.03,4.34,0.31
2023/07/24T14:31:15z,a8:48:fa:ca:a1:15,7.02,2.0+OPENLOG+15980 MB+DS3231+BME280+PMSX003-B+PMSX003-A,89,54,70,994.63,0.02,17840,-72,180044,18.96,25.91,28.91,18.69,25.91,28.91,81,81,3256.15,936.98,164.89,14.18,0.76,0.36,18.71,25.91,30.45,18.59,25.91,30.45,81,81,3322.76,906.07,152.50,11.48,5.93,1.07
2023/07/24T14:33:15z,a8:48:fa:ca:a1:15,7.02,2.0+OPENLOG+15980 MB+DS3231+BME280+PMSX003-B+PMSX003-A,89,54,70,994.69,0.02,17840,-72,180164,16.96,23.13,25.96,16.96,23.13,25.96,75,75,2982.39,848.15,150.00,12.41,0.85,0.70,15.74,22.57,29.37,15.74,22.57,29.37,74,74,2812.78,778.02,139.93,19.93,10.41,0.30
2023/07/24T14:35:15z,a8:48:fa:ca:a1:15,7.02,2.0+OPENLOG+15980 MB+DS3231+BME280+PMSX003-B+PMSX003-A,89,54,70,994.73,0.02,17840,-72,180284,17.78,24.25,25.84,17.78,24.25,25.84,77,77,3008.45,866.33,149.44,9.93,1.13,0.80,16.11,22.69,28.11,16.11,22.69,28.11,74,74,2960.72,794.96,129.50,14.74,8.67,0.96
2023/07/24T14:37:15z,a8:48:fa:ca:a1:15,7.02,2.0+OPENLOG+15980 MB+DS3231+BME280+PMSX003-B+PMSX003-A,89,54,70,994.75,0.02,17840,-71,180404,18.14,25.19,28.14,18.14,25.19,28.14,79,79,3048.89,872.67,171.77,13.86,1.68,1.33,15.68,22.91,27.72,15.68,22.91,27.72,74,74,2919.32,791.16,138.56,16.04,6.04,2.18
2023/07/24T14:39:15z,a8:48:fa:ca:a1:15,7.02,2.0+OPENLOG+15980 MB+DS3231+BME280+PMSX003-B+PMSX003-A,89,54,70,994.79,0.02,17840,-72,180524,18.76,25.35,28.17,18.72,25.35,28.17,79,79,3159.39,900.57,154.31,14.63,1.00,0.44,16.84,24.07,28.19,16.84,24.07,28.19,77,77,3098.90,836.14,141.79,13.34,4.34,1.90
2023/07/24T14:41:15z,a8:48:fa:ca:a1:15,7.02,2.0+OPENLOG+15980 MB+DS3231+BME280+PMSX003-B+PMSX003-A,89,54,70,994.90,0.02,17840,-72,180644,17.96,24.04,27.65,17.96,24.04,27.65,77,77,3053.29,867.40,156.07,16.11,1.24,0.62,18.03,26.14,29.47,18.03,26.14,29.47,81,81,3316.55,885.31,139.19,16.79,5.03,0.97
2023/07/24T14:43:15z,a8:48:fa:ca:a1:15,7.02,2.0+OPENLOG+15980 MB+DS3231+BME280+PMSX003-B+PMSX003-A,89,54,70,994.91,0.02,17840,-72,180764,18.26,24.51,29.02,18.07,24.51,29.02,78,78,3096.47,891.96,151.91,18.49,0.88,0.32,18.04,26.39,28.82,18.04,26.39,28.82,82,82,3205.29,876.02,146.11,14.29,3.57,1.50
2023/07/24T14:45:15z,a8:48:fa:ca:a1:15,7.02,2.0+OPENLOG+15980 MB+DS3231+BME280+PMSX003-B+PMSX003-A,89,54,70,995.00,0.02,17840,-72,180884,17.36,23.68,26.32,17.36,23.68,26.32,76,76,2998.78,858.61,146.54,10.61,1.32,0.95,17.61,24.09,27.55,17.61,24.09,27.55,77,77,3113.30,848.12,127.57,13.96,5.00,0.96
2023/07/24T14:47:15z,a8:48:fa:ca:a1:15,7.02,2.0+OPENLOG+15980 MB+DS3231+BME280+PMSX003-B+PMSX003-A,90,54,71,995.00,0.02,17840,-72,181004,17.11,23.05,26.11,17.11,23.05,26.11,75,75,2910.33,833.36,152.15,11.38,1.53,0.00,15.07,20.53,25.26,15.07,20.53,25.26,69,69,2694.21,737.59,115.88,12.38,6.45,2.66
2023/07/24T14:49:15z,a8:48:fa:ca:a1:15,7.02,2.0+OPENLOG+15980 MB+DS3231+BME280+PMSX003-B+PMSX003-A,90,54,71,995.03,0.02,17840,-72,181124,16.43,21.59,24.96,16.43,21.59,24.96,71,71,2705.00,779.46,132.48,13.44,1.56,0.33,14.34,20.76,21.46,14.34,20.76,21.46,70,70,2632.37,709.41,121.10,9.59,0.92,0.00
2023/07/24T14:51:15z,a8:48:fa:ca:a1:15,7.02,2.0+OPENLOG+15980 MB+DS3231+BME280+PMSX003-B+PMSX003-A,90,54,71,995.03,0.02,17840,-73,181244,16.57,21.85,23.24,16.57,21.85,23.24,72,72,2807.72,795.02,130.98,8.52,0.19,0.00,15.09,20.29,22.16,15.09,20.29,22.16,69,69,2768.51,738.95,109.02,9.13,2.36,0.73
2023/07/24T14:53:15z,a8:48:fa:ca:a1:15,7.02,2.0+OPENLOG+15980 MB+DS3231+BME280+PMSX003-B+PMSX003-A,90,54,71,995.00,0.02,17840,-72,181364,16.59,22.84,26.95,16.59,22.84,26.95,74,74,2835.32,810.20,153.20,17.07,1.61,0.54,15.29,21.58,29.22,15.29,21.58,29.22,71,71,2786.73,761.69,136.51,17.67,11.02,2.22
2023/07/24T14:55:15z,a8:48:fa:ca:a1:15,7.02,2.0+OPENLOG+15980 MB+DS3231+BME280+PMSX003-B+PMSX003-A,90,54,71,995.07,0.02,17840,-72,181484,16.54,22.77,27.18,16.54,22.77,27.18,74,74,2808.64,804.16,142.27,17.14,2.79,2.79,15.49,22.07,31.47,15.49,22.07,31.47,72,72,2853.79,770.72,143.86,22.56,14.77,1.93
2023/07/24T14:57:15z,a8:48:fa:ca:a1:15,7.02,2.0+OPENLOG+15980 MB+DS3231+BME280+PMSX003-B+PMSX003-A,90,54,71,995.09,0.02,17840,-72,181604,16.21,22.09,22.91,16.21,22.09,22.91,73,73,2756.94,802.23,131.02,6.19,0.87,0.87,16.33,21.24,25.55,16.33,21.24,25.55,71,71,2906.48,782.72,120.62,11.93,6.17,1.00
2023/07/24T14:59:15z,a8:48:fa:ca:a1:15,7.02,2.0+OPENLOG+15980 MB+DS3231+BME280+PMSX003-B+PMSX003-A,90,53,71,995.05,0.02,17840,-72,181724,17.47,22.60,24.50,17.47,22.60,24.50,74,74,2966.33,841.03,143.98,7.28,1.14,0.72,15.54,20.84,22.98,15.54,20.84,22.98,70,70,2786.26,759.68,112.98,8.81,2.11,0.46
2023/07/24T15:01:15z,a8:48:fa:ca:a1:15,7.02,2.0+OPENLOG+15980 MB+DS3231+BME280+PMSX003-B+PMSX003-A,90,53,71,995.04,0.02,17840,-74,181844,16.66,21.95,22.91,16.66,21.95,22.91,72,72,2805.75,802.57,126.79,8.04,0.86,0.43,15.22,20.33,21.60,15.22,20.33,21.60,69,69,2786.29,742.13,111.75,5.96,1.20,0.47
2023/07/24T15:03:16z,a8:48:fa:ca:a1:15,7.02,2.0+OPENLOG+15980 MB+DS3231+BME280+PMSX003-B+PMSX003-A,90,53,71,995.03,0.02,17672,-72,181964,17.04,23.51,27.25,17.04,23.51,27.25,76,76,2992.91,856.49,148.95,17.53,0.69,0.69,16.14,21.76,25.71,16.14,21.76,25.71,72,72,2860.09,778.31,123.02,11.55,5.34,0.97
2023/07/24T15:05:16z,a8:48:fa:ca:a1:15,7.02,2.0+OPENLOG+15980 MB+DS3231+BME280+PMSX003-B+PMSX003-A,90,53,70,995.04,0.02,17672,-72,182084,16.71,22.04,24.65,16.71,22.04,24.65,72,72,2799.00,803.78,132.49,10.55,1.45,1.45,15.53,20.40,22.71,15.53,20.40,22.71,69,69,2815.09,763.25,113.16,9.05,3.24,0.47
2023/07/24T15:07:16z,a8:48:fa:ca:a1:15,7.02,2.0+OPENLOG+15980 MB+DS3231+BME280+PMSX003-B+PMSX003-A,90,53,70,995.13,0.02,17840,-72,182204,16.18,21.46,22.77,16.18,21.46,22.77,71,71,2798.05,785.04,133.67,5.19,1.19,1.19,15.02,20.00,21.82,15.02,20.00,21.82,68,68,2700.32,740.36,102.20,7.79,2.64,0.75
2023/07/24T15:09:16z,a8:48:fa:ca:a1:15,7.02,2.0+OPENLOG+15980 MB+DS3231+BME280+PMSX003-B+PMSX003-A,90,53,70,995.16,0.02,17840,-72,182324,15.49,20.88,22.58,15.49,20.88,22.58,70,70,2593.63,743.61,133.65,10.53,0.25,0.25,13.81,18.42,19.30,13.81,18.42,19.30,65,65,2461.47,670.77,99.60,6.07,1.16,0.81
2023/07/24T15:11:16z,a8:48:fa:ca:a1:15,7.02,2.0+OPENLOG+15980 MB+DS3231+BME280+PMSX003-B+PMSX003-A,90,53,70,995.13,0.02,17840,-72,182444,15.02,19.98,23.29,15.02,19.98,23.29,68,68,2612.35,736.20,134.76,10.62,1.35,0.62,13.71,18.07,19.66,13.71,18.07,19.66,64,64,2460.47,661.83,96.38,7.59,1.97,1.10
2023/07/24T15:13:16z,a8:48:fa:ca:a1:15,7.02,2.0+OPENLOG+15980 MB+DS3231+BME280+PMSX003-B+PMSX003-A,90,53,70,995.16,0.02,17840,-72,182564,15.51,21.13,24.25,15.51,21.13,24.25,70,70,2699.29,753.93,128.16,13.71,1.02,0.91,14.33,19.00,22.50,14.33,19.00,22.50,66,66,2569.67,694.37,109.43,9.52,4.26,1.48
2023/07/24T15:15:16z,a8:48:fa:ca:a1:15,7.02,2.0+OPENLOG+15980 MB+DS3231+BME280+PMSX003-B+PMSX003-A,90,53,70,995.17,0.02,17840,-73,182684,16.11,21.83,23.46,16.11,21.83,23.46,72,72,2748.56,789.11,141.35,9.74,0.56,0.56,14.64,19.84,22.02,14.64,19.84,22.02,68,68,2659.34,715.23,112.46,8.21,2.75,1.29
2023/07/24T15:17:16z,a8:48:fa:ca:a1:15,7.02,2.0+OPENLOG+15980 MB+DS3231+BME280+PMSX003-B+PMSX003-A,90,53,70,995.23,0.02,17840,-72,182804,15.73,20.62,21.75,15.73,20.62,21.75,69,69,2618.95,747.62,129.27,6.15,0.00,0.00,13.76,19.12,20.88,13.76,19.12,20.88,66,66,2588.59,696.63,107.29,7.46,1.69,0.61
2023/07/24T15:19:16z,a8:48:fa:ca:a1:15,7.02,2.0+OPENLOG+15980 MB+DS3231+BME280+PMSX003-B+PMSX003-A,90,53,70,995.25,0.02,17840,-72,182924,15.56,20.35,22.00,15.56,20.35,22.00,69,69,2637.78,756.30,120.50,8.56,0.67,0.67,14.09,18.81,22.42,14.09,18.81,22.42,66,66,2503.26,690.35,105.63,10.98,5.58,0.14
2023/07/24T15:21:16z,a8:48:fa:ca:a1:15,7.02,2.0+OPENLOG+15980 MB+DS3231+BME280+PMSX003-B+PMSX003-A,90,53,70,995.28,0.02,17840,-72,183044,15.43,20.66,21.50,15.43,20.66,21.50,69,69,2610.62,747.59,120.03,7.28,1.17,0.41,14.43,19.88,22.41,14.43,19.88,22.41,68,68,2590.23,707.84,110.11,9.79,2.86,1.71
2023/07/24T15:23:16z,a8:48:fa:ca:a1:15,7.02,2.0+OPENLOG+15980 MB+DS3231+BME280+PMSX003-B+PMSX003-A,90,53,70,995.35,0.02,17840,-72,183164,15.82,21.40,23.15,15.82,21.40,23.15,71,71,2659.58,772.84,131.58,11.56,0.55,0.55,12.89,17.35,20.78,12.89,17.35,20.78,62,62,2407.25,653.09,101.22,9.27,4.84,0.69
2023/07/24T15:25:16z,a8:48:fa:ca:a1:15,7.02,2.0+OPENLOG+15980 MB+DS3231+BME280+PMSX003-B+PMSX003-A,90,53,70,995.41,0.02,17840,-72,183284,14.09,18.81,19.91,14.09,18.81,19.91,66,66,2438.22,692.44,122.67,5.37,1.22,1.22,13.19,18.12,19.91,13.19,18.12,19.91,64,64,2481.78,658.14,103.28,10.34,1.38,0.83
2023/07/24T15:27:16z,a8:48:fa:ca:a1:15,7.02,2.0+OPENLOG+15980 MB+DS3231+BME280+PMSX003-B+PMSX003-A,90,53,70,995.35,0.02,17840,-71,183404,15.20,20.35,21.98,15.20,20.35,21.98,69,69,2596.28,745.20,129.31,7.74,0.63,0.41,13.26,17.93,18.88,13.26,17.93,18.88,64,64,2428.66,656.53,100.53,5.31,1.10,0.41
2023/07/24T15:29:16z,a8:48:fa:ca:a1:15,7.02,2.0+OPENLOG+15980 MB+DS3231+BME280+PMSX003-B+PMSX003-A,90,53,70,995.40,0.02,17840,-72,183524,14.98,19.79,22.60,14.98,19.79,22.60,68,68,2594.74,734.62,124.78,12.55,1.10,0.38,13.12,18.77,19.05,13.12,18.77,19.05,65,65,2432.00,660.58,106.82,6.07,0.00,0.00
2023/07/24T15:31:16z,a8:48:fa:ca:a1:15,7.02,2.0+OPENLOG+15980 MB+DS3231+BME280+PMSX003-B+PMSX003-A,90,53,70,995.48,0.02,17840,-72,183644,14.36,19.42,20.75,14.36,19.42,20.75,67,67,2461.69,709.38,118.27,7.49,1.09,0.91,13.15,18.05,20.35,13.15,18.05,20.35,64,64,2391.33,650.04,108.02,9.89,2.15,1.67
2023/07/24T15:33:16z,a8:48:fa:ca:a1:15,7.02,2.0+OPENLOG+15980 MB+DS3231+BME280+PMSX003-B+PMSX003-A,90,53,70,995.51,0.02,17840,-72,183764,15.79,20.77,22.20,15.79,20.77,22.20,70,70,2716.34,767.88,126.73,5.57,1.50,1.14,13.49,19.13,26.33,13.49,19.13,26.33,66,66,2505.60,677.96,122.00,18.84,10.65,1.56
2023/07/24T15:35:16z,a8:48:fa:ca:a1:15,7.02,2.0+OPENLOG+15980 MB+DS3231+BME280+PMSX003-B+PMSX003-A,90,53,70,995.57,0.02,17840,-76,183884,14.79,20.94,23.30,14.79,20.94,23.30,70,70,2574.17,739.83,141.60,11.40,1.40,1.09,12.88,18.09,23.95,12.88,18.09,23.95,64,64,2384.58,648.07,117.86,15.44,9.33,0.98
2023/07/24T15:37:16z,a8:48:fa:ca:a1:15,7.02,2.0+OPENLOG+15980 MB+DS3231+BME280+PMSX003-B+PMSX003-A,90,53,70,995.58,0.02,17840,-75,184004,14.93,20.85,22.39,14.93,20.85,22.39,70,70,2557.28,729.61,130.06,11.19,0.63,0.48,14.39,20.54,24.33,14.39,20.54,24.33,69,69,2622.74,716.04,119.25,15.51,5.44,0.88
2023/07/24T15:39:16z,a8:48:fa:ca:a1:15,7.02,2.0+OPENLOG+15980 MB+DS3231+BME280+PMSX003-B+PMSX003-A,90,53,70,995.62,0.02,17840,-75,184124,15.54,21.35,23.72,15.54,21.35,23.72,71,71,2633.21,764.77,141.46,10.88,0.32,0.14,13.21,17.96,22.68,13.21,17.96,22.68,64,64,2467.39,658.77,104.16,12.93,6.46,2.50
2023/07/24T15:41:16z,a8:48:fa:ca:a1:15,7.02,2.0+OPENLOG+15980 MB+DS3231+BME280+PMSX003-B+PMSX003-A,90,53,70,995.60,0.02,17840,-75,184244,14.25,20.32,22.32,14.25,20.32,22.32,69,69,2512.63,728.11,139.40,8.88,1.26,0.70,13.21,19.11,20.39,13.21,19.11,20.39,66,66,2452.11,666.37,119.35,8.74,1.16,1.16
2023/07/24T15:43:16z,a8:48:fa:ca:a1:15,7.02,2.0+OPENLOG+15980 MB+DS3231+BME280+PMSX003-B+PMSX003-A,90,53,70,995.67,0.02,17840,-75,184364,14.89,20.51,23.06,14.89,20.51,23.06,69,69,2592.62,749.74,141.40,10.64,0.53,0.34,12.88,16.95,17.68,12.88,16.95,17.68,62,62,2340.61,629.66,97.44,4.20,0.88,0.00
2023/07/24T15:45:16z,a8:48:fa:ca:a1:15,7.02,2.0+OPENLOG+15980 MB+DS3231+BME280+PMSX003-B+PMSX003-A,90,53,70,995.66,0.02,17840,-75,184484,15.91,22.07,24.91,15.91,22.07,24.91,72,72,2728.06,779.17,145.44,13.63,0.67,0.67,13.52,18.76,23.05,13.52,18.76,23.05,65,65,2484.88,666.41,112.90,12.55,6.52,0.21
2023/07/24T15:47:16z,a8:48:fa:ca:a1:15,7.02,2.0+OPENLOG+15980 MB+DS3231+BME280+PMSX003-B+PMSX003-A,90,53,70,995.72,0.02,17840,-75,184604,15.25,21.42,23.06,15.25,21.42,23.06,71,71,2665.87,762.79,144.87,8.72,0.72,0.49,13.20,18.84,21.50,13.20,18.84,21.50,66,66,2421.48,666.93,106.00,9.68,2.64,1.11
2023/07/24T15:49:16z,a8:48:fa:ca:a1:15,7.02,2.0+OPENLOG+15980 MB+DS3231+BME280+PMSX003-B+PMSX003-A,90,52,70,995.73,0.02,17840,-75,184724,15.36,21.59,23.75,15.36,21.59,23.75,71,71,2592.76,751.76,135.61,11.86,1.53,0.92,13.79,19.48,23.55,13.79,19.48,23.55,67,67,2578.77,691.27,126.27,12.68,5.46,1.57
2023/07/24T15:51:16z,a8:48:fa:ca:a1:15,7.02,2.0+OPENLOG+15980 MB+DS3231+BME280+PMSX003-B+PMSX003-A,90,52,70,995.77,0.02,17840,-75,184844,15.55,21.74,24.36,15.55,21.74,24.36,72,72,2712.51,776.11,144.64,11.02,2.49,2.04,13.51,18.58,23.60,13.51,18.58,23.60,65,65,2505.11,676.49,116.32,12.70,7.19,1.61
2023/07/24T15:53:16z,a8:48:fa:ca:a1:15,7.02,2.0+OPENLOG+15980 MB+DS3231+BME280+PMSX003-B+PMSX003-A,90,52,70,995.78,0.02,17840,-75,184964,14.89,20.21,23.30,14.89,20.21,23.30,68,68,2604.28,750.43,136.49,13.55,0.19,0.19,13.88,19.36,20.88,13.88,19.36,20.88,67,67,2489.59,674.95,111.21,10.28,1.72,0.00
2023/07/24T15:55:16z,a8:48:fa:ca:a1:15,7.02,2.0+OPENLOG+15980 MB+DS3231+BME280+PMSX003-B+PMSX003-A,90,52,70,995.84,0.02,17840,-75,185084,14.98,20.46,21.68,14.98,20.46,21.68,69,69,2578.66,726.79,128.12,5.96,2.04,1.25,13.34,18.93,22.14,13.34,18.93,22.14,66,66,2428.29,664.45,119.41,10.36,4.89,0.93
2023/07/24T15:57:16z,a8:48:fa:ca:a1:15,7.02,2.0+OPENLOG+15980 MB+DS3231+BME280+PMSX003-B+PMSX003-A,90,52,70,995.88,0.02,17840,-75,185204,15.09,22.62,23.96,15.09,22.62,23.96,74,74,2582.24,749.04,148.60,13.02,0.69,0.22,13.69,19.25,22.44,13.69,19.25,22.44,66,66,2524.15,679.51,116.75,11.31,4.51,0.62
2023/07/24T15:59:16z,a8:48:fa:ca:a1:15,7.02,2.0+OPENLOG+15980 MB+DS3231+BME280+PMSX003-B+PMSX003-A,90,52,70,995.96,0.02,17840,-75,185324,14.93,21.55,24.05,14.93,21.55,24.05,71,71,2601.22,749.89,142.25,13.45,1.05,0.51,13.47,18.59,22.17,13.47,18.59,22.17,65,65,2443.40,659.55,105.00,13.24,5.14,1.10
2023/07/24T16:01:16z,a8:48:fa:ca:a1:15,7.02,2.0+OPENLOG+15980 MB+DS3231+BME280+PMSX003-B+PMSX003-A,90,52,70,996.01,0.02,17840,-76,185444,15.27,22.20,25.95,15.27,22.20,25.95,73,73,2687.68,779.30,162.21,15.93,0.68,0.07,13.76,19.12,20.57,13.76,19.12,20.57,66,66,2418.00,662.45,108.31,8.00,2.45,0.93
2023/07/24T16:03:16z,a8:48:fa:ca:a1:15,7.02,2.0+OPENLOG+15980 MB+DS3231+BME280+PMSX003-B+PMSX003-A,90,52,70,996.02,0.02,17672,-75,185565,15.15,21.20,22.93,15.15,21.20,22.93,71,71,2576.07,733.89,139.18,10.69,1.16,0.80,13.88,19.34,22.66,13.88,19.34,22.66,67,67,2521.71,683.64,118.46,11.54,5.36,0.82
2023/07/24T16:05:16z,a8:48:fa:ca:a1:15,7.02,2.0+OPENLOG+15980 MB+DS3231+BME280+PMSX003-B+PMSX003-A,90,52,70,996.07,0.02,17672,-76,185685,14.23,20.08,24.71,14.23,20.08,24.71,68,68,2540.65,730.13,140.65,18.31,1.35,0.65,15.15,20.95,22.97,15.15,20.95,22.97,70,70,2661.55,736.27,130.93,9.63,2.57,1.33
2023/07/24T16:07:16z,a8:48:fa:ca:a1:15,7.02,2.0+OPENLOG+15980 MB+DS3231+BME280+PMSX003-B+PMSX003-A,90,52,70,996.11,0.02,17840,-75,185805,16.83,23.15,26.07,16.83,23.15,26.07,75,75,2828.72,806.22,160.00,14.41,0.89,0.33,15.55,22.28,25.43,15.55,22.28,25.43,73,73,2766.67,763.10,138.64,12.03,4.83,1.28
2023/07/24T16:09:16z,a8:48:fa:ca:a1:15,7.02,2.0+OPENLOG+15980 MB+DS3231+BME280+PMSX003-B+PMSX003-A,90,52,70,996.16,0.02,17840,-75,185925,16.82,24.80,26.02,16.82,24.80,26.02,78,78,2884.91,834.71,173.22,9.45,1.24,0.76,15.38,22.49,29.56,15.38,22.49,29.56,73,73,2818.47,773.36,149.47,20.44,10.87,1.42
2023/07/24T16:11:16z,a8:48:fa:ca:a1:15,7.02,2.0+OPENLOG+15980 MB+DS3231+BME280+PMSX003-B+PMSX003-A,90,52,70,996.09,0.02,17840,-76,186045,16.76,23.29,25.20,16.76,23.29,25.20,75,75,2786.29,804.65,152.96,10.22,2.69,1.42,14.53,21.35,26.42,14.53,21.35,26.42,71,71,2650.58,726.31,141.11,14.15,7.93,0.98
2023/07/24T16:13:16z,a8:48:fa:ca:a1:15,7.02,2.0+OPENLOG+15980 MB+DS3231+BME280+PMSX003-B+PMSX003-A,90,52,70,996.08,0.02,17840,-75,186165,15.28,20.02,22.66,15.28,20.02,22.66,68,68,2635.81,746.47,138.89,7.21,2.00,1.17,14.48,20.16,24.48,14.48,20.16,24.48,68,68,2647.40,710.91,134.52,12.97,6.07,1.83
2023/07/24T16:15:16z,a8:48:fa:ca:a1:15,7.02,2.0+OPENLOG+15980 MB+DS3231+BME280+PMSX003-B+PMSX003-A,90,52,70,996.08,0.02,17840,-76,186285,14.68,20.11,21.25,14.68,20.11,21.25,68,68,2593.82,738.30,128.30,8.18,0.00,0.00,14.19,20.43,22.22,14.19,20.43,22.22,69,69,2482.76,688.64,128.74,11.86,1.69,0.00
2023/07/24T16:17:16z,a8:48:fa:ca:a1:15,7.02,2.0+OPENLOG+15980 MB+DS3231+BME280+PMSX003-B+PMSX003-A,90,52,70,996.14,0.02,17840,-75,186405,14.98,21.05,23.14,14.98,21.05,23.14,70,70,2578.55,737.93,142.77,11.14,1.04,0.86,13.91,19.52,25.76,13.91,19.52,25.76,67,67,2493.22,680.91,122.31,17.11,10.30,0.37
2023/07/24T16:19:16z,a8:48:fa:ca:a1:15,7.02,2.0+OPENLOG+15980 MB+DS3231+BME280+PMSX003-B+PMSX003-A,90,52,70,996.20,0.02,17840,-75,186525,14.35,19.82,21.71,14.35,19.82,21.71,68,68,2481.44,709.93,128.58,10.33,0.95,0.62,14.88,19.67,22.63,14.88,19.67,22.63,67,67,2605.74,701.46,116.88,8.18,4.18,2.14
2023/07/24T16:21:16z,a8:48:fa:ca:a1:15,7.02,2.0+OPENLOG+15980 MB+DS3231+BME280+PMSX003-B+PMSX003-A,90,52,70,996.24,0.02,17840,-76,186645,15.56,21.29,22.95,15.56,21.29,22.95,71,71,2712.87,776.25,140.44,7.89,0.36,0.36,14.03,19.76,24.92,14.03,19.76,24.92,68,68,2554.32,704.68,124.22,15.02,7.22,2.34
2023/07/24T16:23:17z,a8:48:fa:ca:a1:15,7.02,2.0+OPENLOG+15980 MB+DS3231+BME280+PMSX003-B+PMSX003-A,90,53,70,996.26,0.02,17840,-75,186765,14.53,19.96,20.45,14.53,19.96,20.45,68,68,2600.32,740.13,123.57,6.42,0.45,0.00,14.93,19.67,22.14,14.93,19.67,22.14,67,67,2701.16,714.88,114.77,8.28,2.81,1.89
2023/07/24T16:25:16z,a8:48:fa:ca:a1:15,7.02,2.0+OPENLOG+15980 MB+DS3231+BME280+PMSX003-B+PMSX003-A,90,53,70,996.29,0.02,17840,-75,186885,15.82,21.91,25.36,15.82,21.91,25.36,72,72,2712.05,773.71,149.86,14.43,1.50,0.46,15.31,21.15,30.04,15.31,21.15,30.04,70,70,2721.82,746.04,139.67,20.18,13.35,2.91
2023/07/24T16:27:16z,a8:48:fa:ca:a1:15,7.02,2.0+OPENLOG+15980 MB+DS3231+BME280+PMSX003-B+PMSX003-A,90,53,70,996.29,0.02,17840,-75,187005,16.48,22.46,25.07,16.48,22.46,25.07,73,73,2725.61,783.76,149.57,12.93,0.85,0.44,16.55,21.70,24.91,16.55,21.70,24.91,72,72,2887.88,794.93,117.80,9.00,3.71,2.36
2023/07/24T16:29:16z,a8:48:fa:ca:a1:15,7.02,2.0+OPENLOG+15980 MB+DS3231+BME280+PMSX003-B+PMSX003-A,90,53,70,996.35,0.02,17840,-75,187125,16.19,22.88,26.00,16.19,22.88,26.00,74,74,2802.00,799.66,156.67,15.17,0.38,0.38,16.49,23.25,28.72,16.49,23.25,28.72,75,75,2976.63,820.25,144.46,15.44,8.49,0.95
2023/07/24T16:31:16z,a8:48:fa:ca:a1:15,7.02,2.0+OPENLOG+15980 MB+DS3231+BME280+PMSX003-B+PMSX003-A,90,53,71,996.36,0.02,17840,-76,187245,17.70,24.04,27.35,17.70,24.04,27.35,77,77,2932.78,853.22,152.74,12.74,2.70,2.33,17.66,25.32,32.88,17.66,25.32,32.88,79,79,3147.86,867.59,166.61,18.93,11.04,2.14
2023/07/24T16:33:16z,a8:48:fa:ca:a1:15,7.02,2.0+OPENLOG+15980 MB+DS3231+BME280+PMSX003-B+PMSX003-A,90,53,71,996.42,0.02,17840,-75,187365,16.55,23.89,27.02,16.55,23.89,27.02,76,76,2879.56,822.55,161.65,14.62,2.47,2.29,17.30,25.26,30.49,17.30,25.26,30.49,79,79,3058.00,851.63,157.19,15.82,6.74,2.00
2023/07/24T16:35:16z,a8:48:fa:ca:a1:15,7.02,2.0+OPENLOG+15980 MB+DS3231+BME280+PMSX003-B+PMSX003-A,90,54,71,996.48,0.02,17840,-76,187485,17.60,24.91,28.63,17.54,24.91,28.63,79,79,2987.37,864.09,160.33,13.61,2.42,2.32,16.74,22.94,27.96,16.74,22.94,27.96,74,74,2966.00,816.59,140.17,15.26,6.63,0.85
2023/07/24T16:37:16z,a8:48:fa:ca:a1:15,7.02,2.0+OPENLOG+15980 MB+DS3231+BME280+PMSX003-B+PMSX003-A,90,54,71,996.52,0.02,17840,-75,187605,17.80,25.33,27.64,17.80,25.33,27.64,79,79,3022.09,865.53,164.98,14.15,0.95,0.44,16.68,23.50,32.62,16.68,23.50,32.62,76,76,3010.61,824.05,149.32,22.32,13.61,1.93
2023/07/24T16:39:16z,a8:48:fa:ca:a1:15,7.02,2.0+OPENLOG+15980 MB+DS3231+BME280+PMSX003-B+PMSX003-A,90,54,71,996.57,0.02,17840,-75,187725,17.40,24.43,30.17,17.40,24.43,30.17,77,77,3011.77,869.89,163.36,20.11,2.49,2.30,17.54,24.17,29.15,17.54,24.17,29.15,77,77,3076.47,838.69,147.25,13.15,6.20,2.00
2023/07/24T16:41:16z,a8:48:fa:ca:a1:15,7.02,2.0+OPENLOG+15980 MB+DS3231+BME280+PMSX003-B+PMSX003-A,90,54,71,996.60,0.02,17840,-75,187845,17.29,24.20,26.71,17.29,24.20,26.71,77,77,2925.87,850.95,162.71,9.96,1.75,1.42,15.72,22.09,28.47,15.72,22.09,28.47,72,72,2875.05,782.44,138.70,16.56,8.11,2.53
2023/07/24T16:43:16z,a8:48:fa:ca:a1:15,7.02,2.0+OPENLOG+15980 MB+DS3231+BME280+PMSX003-B+PMSX003-A,90,54,71,996.65,0.02,17840,-75,187965,17.09,24.71,29.12,17.09,24.71,29.12,78,78,2982.98,851.22,175.95,17.34,2.21,1.59,16.05,22.47,31.69,16.05,22.47,31.69,73,73,2931.27,799.85,147.40,21.31,13.78,1.75
2023/07/24T16:45:16z,a8:48:fa:ca:a1:15,7.02,2.0+OPENLOG+15980 MB+DS3231+BME280+PMSX003-B+PMSX003-A,90,54,71,996.64,0.02,17840,-76,188085,18.29,26.00,29.63,18.29,26.00,29.63,81,81,3191.95,913.58,179.93,15.15,0.88,0.68,15.96,22.68,28.54,15.96,22.68,28.54,74,74,2860.77,780.52,150.39,15.18,8.46,2.61
2023/07/24T16:47:16z,a8:48:fa:ca:a1:15,7.02,2.0+OPENLOG+15980 MB+DS3231+BME280+PMSX003-B+PMSX003-A,90,54,71,996.71,0.02,17840,-75,188205,17.35,25.51,26.73,17.35,25.51,26.73,80,80,3016.53,871.45,175.56,10.55,1.24,0.73,17.37,24.46,31.61,17.37,24.46,31.61,78,78,3072.46,839.25,152.39,19.73,9.12,3.12
2023/07/24T16:49:16z,a8:48:fa:ca:a1:15,7.02,2.0+OPENLOG+15980 MB+DS3231+BME280+PMSX003-B+PMSX003-A,90,54,71,996.74,0.02,17840,-75,188325,17.96,24.96,31.19,17.93,24.96,31.19,79,79,3050.56,879.06,189.28,21.48,1.74,1.19,17.84,26.03,32.45,17.78,26.03,32.45,81,81,3169.55,867.93,162.64,20.48,8.66,1.66
2023/07/24T16:51:16z,a8:48:fa:ca:a1:15,7.02,2.0+OPENLOG+15980 MB+DS3231+BME280+PMSX003-B+PMSX003-A,90,54,71,996.76,0.02,17840,-76,188445,19.28,26.22,29.57,19.09,26.22,29.57,81,81,3191.22,917.93,177.98,15.10,0.93,0.34,17.86,24.23,33.02,17.86,24.23,33.02,77,77,3070.58,858.26,152.67,20.25,13.79,1.72
2023/07/24T16:53:16z,a8:48:fa:ca:a1:15,7.02,2.0+OPENLOG+15980 MB+DS3231+BME280+PMSX003-B+PMSX003-A,90,54,71,996.73,0.02,17840,-75,188565,18.46,26.28,30.40,18.44,26.28,30.40,81,81,3089.68,896.54,183.40,18.25,1.12,0.21,17.48,24.64,31.98,17.48,24.64,31.98,78,78,3099.21,852.79,154.68,19.18,10.50,2.07
2023/07/24T16:55:16z,a8:48:fa:ca:a1:15,7.02,2.0+OPENLOG+15980 MB+DS3231+BME280+PMSX003-B+PMSX003-A,90,54,71,996.71,0.02,17840,-75,188685,18.39,26.61,29.65,18.39,26.61,29.65,82,82,3057.72,885.94,174.33,15.48,2.41,1.33,17.10,24.45,30.86,17.10,24.45,30.86,78,78,3053.69,831.03,165.78,17.90,8.28,1.93
2023/07/24T16:57:16z,a8:48:fa:ca:a1:15,7.02,2.0+OPENLOG+15980 MB+DS3231+BME280+PMSX003-B+PMSX003-A,90,54,71,996.70,0.02,17840,-75,188805,17.64,24.94,26.81,17.64,24.94,26.81,79,79,2992.98,851.06,166.04,10.79,1.02,0.34,18.88,28.00,33.21,18.74,27.91,33.21,85,85,3311.26,921.68,184.35,19.58,7.23,1.47
2023/07/24T16:59:16z,a8:48:fa:ca:a1:15,7.02,2.0+OPENLOG+15980 MB+DS3231+BME280+PMSX003-B+PMSX003-A,90,54,71,996.75,0.02,17840,-75,188925,18.63,27.26,33.54,18.63,27.26,33.54,84,84,3227.84,934.18,194.37,22.70,3.89,3.26,18.91,28.47,35.00,18.81,28.44,35.00,86,86,3341.58,911.81,196.18,23.54,8.63,1.05
2023/07/24T17:01:16z,a8:48:fa:ca:a1:15,7.02,2.0+OPENLOG+15980 MB+DS3231+BME280+PMSX003-B+PMSX003-A,90,54,71,996.76,0.02,17840,-76,189045,20.31,29.13,33.33,19.78,28.82,33.33,87,87,3436.69,999.11,200.65,18.22,1.89,1.89,19.51,28.22,32.78,19.33,28.22,32.78,86,86,3405.05,938.45,173.27,16.62,6.47,2.51
2023/07/24T17:03:17z,a8:48:fa:ca:a1:15,7.02,2.0+OPENLOG+15980 MB+DS3231+BME280+PMSX003-B+PMSX003-A,90,54,71,996.78,0.02,17672,-75,189166,18.68,27.17,31.42,18.68,27.00,31.42,83,83,3159.79,918.55,199.13,17.09,2.79,2.79,18.46,25.78,33.31,18.24,25.78,33.31,80,80,3228.22,902.57,166.26,19.81,11.00,1.11
2023/07/24T17:05:17z,a8:48:fa:ca:a1:15,7.02,2.0+OPENLOG+15980 MB+DS3231+BME280+PMSX003-B+PMSX003-A,90,54,71,996.76,0.02,17672,-75,189286,18.82,26.58,31.90,18.57,26.58,31.90,82,82,3184.85,920.18,191.85,18.43,2.80,2.53,18.65,26.36,27.85,18.65,26.36,27.85,82,82,3278.56,891.27,154.58,11.42,1.35,0.36
2023/07/24T17:07:17z,a8:48:fa:ca:a1:15,7.02,2.0+OPENLOG+15980 MB+DS3231+BME280+PMSX003-B+PMSX003-A,90,54,71,996.75,0.02,17840,-76,189406,16.11,24.04,28.41,16.11,24.04,28.41,77,77,2903.36,821.11,169.86,18.41,3.07,1.89,17.26,25.07,30.46,17.26,25.07,30.46,79,79,3089.37,842.81,156.54,18.46,7.61,1.65
2023/07/24T17:09:17z,a8:48:fa:ca:a1:15,7.02,2.0+OPENLOG+15980 MB+DS3231+BME280+PMSX003-B+PMSX003-A,90,54,71,996.77,0.02,17840,-75,189526,16.95,23.39,26.54,16.95,23.39,26.54,75,75,2856.96,821.96,164.55,12.07,1.50,1.50,16.12,23.29,32.53,16.12,23.29,32.53,75,75,2962.83,805.61,155.64,23.36,12.92,2.68
2023/07/24T17:11:17z,a8:48:fa:ca:a1:15,7.02,2.0+OPENLOG+15980 MB+DS3231+BME280+PMSX003-B+PMSX003-A,90,54,71,996.72,0.02,17840,-75,189646,17.42,24.67,29.02,17.42,24.67,29.02,78,78,2986.04,859.56,172.27,17.42,1.53,1.53,16.14,23.47,24.88,16.14,23.47,24.88,75,75,2772.53,773.77,141.84,12.81,1.79,0.46
2023/07/24T17:13:17z,a8:48:fa:ca:a1:15,7.02,2.0+OPENLOG+15980 MB+DS3231+BME280+PMSX003-B+PMSX003-A,90,54,71,996.77,0.02,17840,-75,189766,17.19,24.61,28.44,17.16,24.61,28.44,78,78,2880.05,850.11,169.91,15.37,3.96,1.51,15.68,21.59,24.84,15.68,21.59,24.84,71,71,2790.21,760.70,137.07,11.86,4.50,0.25
2023/07/24T17:15:17z,a8:48:fa:ca:a1:15,7.02,2.0+OPENLOG+15980 MB+DS3231+BME280+PMSX003-B+PMSX003-A,90,54,71,996.79,0.02,17840,-75,189886,16.10,23.29,25.46,16.10,23.29,25.46,75,75,2802.31,799.97,150.58,10.71,1.39,1.39,14.57,20.84,23.88,14.57,20.84,23.88,70,70,2678.30,726.29,132.95,10.61,4.39,0.79
2023/07/24T17:17:17z,a8:48:fa:ca:a1:15,7.02,2.0+OPENLOG+15980 MB+DS3231+BME280+PMSX003-B+PMSX003-A,90,54,71,996.82,0.02,17840,-75,190006,15.28,22.11,23.70,15.28,22.11,23.70,73,73,2646.26,752.84,137.33,9.89,1.51,1.30,14.83,21.66,26.63,14.83,21.66,26.63,72,72,2733.81,754.27,137.32,13.08,7.80,0.95
2023/07/24T17:19:17z,a8:48:fa:ca:a1:15,7.02,2.0+OPENLOG+15980 MB+DS3231+BME280+PMSX003-B+PMSX003-A,90,54,71,996.79,0.02,17840,-75,190126,15.60,21.85,25.94,15.60,21.85,25.94,72,72,2630.65,763.27,148.29,13.42,2.54,2.23,15.69,21.97,23.52,15.69,21.97,23.52,72,72,2785.55,754.57,135.66,10.00,1.83,0.48
2023/07/24T17:21:17z,a8:48:fa:ca:a1:15,7.02,2.0+OPENLOG+15980 MB+DS3231+BME280+PMSX003-B+PMSX003-A,90,54,71,996.77,0.02,17840,-76,190246,16.30,21.55,23.59,16.30,21.55,23.59,71,71,2663.57,769.02,141.61,9.11,0.96,0.43,15.26,22.14,26.46,15.26,22.14,26.46,73,73,2804.47,765.88,140.91,15.58,6.56,2.04
2023/07/24T17:23:17z,a8:48:fa:ca:a1:15,7.02,2.0+OPENLOG+15980 MB+DS3231+BME280+PMSX003-B+PMSX003-A,90,54,71,996.75,0.02,17840,-76,190366,16.89,23.19,25.61,16.89,23.19,25.61,75,75,2829.26,812.65,157.88,12.14,0.98,0.28,16.32,22.68,25.09,16.32,22.68,25.09,74,74,2847.80,786.79,136.39,12.04,2.71,1.61
2023/07/24T17:25:17z,a8:48:fa:ca:a1:15,7.02,2.0+OPENLOG+15980 MB+DS3231+BME280+PMSX003-B+PMSX003-A,90,54,71,996.73,0.02,17840,-75,190486,16.31,23.96,26.75,16.31,23.96,26.75,76,76,2794.91,807.31,167.64,13.53,2.33,0.98,14.91,21.12,24.88,14.91,21.12,24.88,70,70,2677.77,733.62,134.55,13.86,4.75,1.04
2023/07/24T17:27:17z,a8:48:fa:ca:a1:15,7.02,2.0+OPENLOG+15980 MB+DS3231+BME280+PMSX003-B+PMSX003-A,90,54,71,996.73,0.02,17840,-75,190606,16.83,23.35,26.65,16.83,23.35,26.65,75,75,2759.71,815.69,164.19,14.12,0.38,0.35,16.66,23.32,26.81,16.59,23.32,26.81,75,75,2928.66,807.07,144.42,11.46,4.07,2.24
2023/07/24T17:29:17z,a8:48:fa:ca:a1:15,7.02,2.0+OPENLOG+15980 MB+DS3231+BME280+PMSX003-B+PMSX003-A,90,54,71,996.73,0.02,17840,-75,190726,15.55,22.36,25.80,15.55,22.36,25.80,73,73,2673.33,771.00,151.04,13.78,2.00,1.31,13.70,19.53,21.74,13.70,19.53,21.74,67,67,2490.68,680.02,118.95,10.35,2.04,1.12
2023/07/24T17:31:17z,a8:48:fa:ca:a1:15,7.02,2.0+OPENLOG+15980 MB+DS3231+BME280+PMSX003-B+PMSX003-A,90,54,71,996.68,0.02,17840,-75,190846,15.33,21.40,24.75,15.33,21.40,24.75,71,71,2718.79,774.12,148.05,12.74,1.40,0.35,14.41,20.50,24.50,14.41,20.50,24.50,69,69,2634.64,707.07,129.11,14.07,5.75,0.68
2023/07/24T17:33:17z,a8:48:fa:ca:a1:15,7.02,2.0+OPENLOG+15980 MB+DS3231+BME280+PMSX003-B+PMSX003-A,90,54,71,996.66,0.02,17840,-76,190966,16.18,22.16,25.50,16.18,22.16,25.50,73,73,2706.96,776.45,157.73,13.54,1.32,0.36,14.00,19.88,25.02,14.00,19.88,25.02,68,68,2564.69,701.98,120.93,15.21,7.72,1.48
2023/07/24T17:35:17z,a8:48:fa:ca:a1:15,7.02,2.0+OPENLOG+15980 MB+DS3231+BME280+PMSX003-B+PMSX003-A,90,54,71,996.66,0.02,17840,-75,191086,15.91,22.48,25.21,15.91,22.48,25.21,73,73,2724.38,788.70,154.11,12.32,2.11,1.86,14.82,21.05,26.59,14.82,21.05,26.59,70,70,2715.54,730.55,137.84,15.68,7.93,0.79
2023/07/24T17:37:17z,a8:48:fa:ca:a1:15,7.02,2.0+OPENLOG+15980 MB+DS3231+BME280+PMSX003-B+PMSX003-A,90,54,71,996.69,0.02,17840,-75,191206,15.53,21.45,24.55,15.53,21.45,24.55,71,71,2642.40,760.27,151.47,11.16,1.05,0.62,15.12,21.05,22.86,15.12,21.05,22.86,70,70,2703.64,746.25,125.23,9.36,1.39,1.25
2023/07/24T17:39:17z,a8:48:fa:ca:a1:15,7.02,2.0+OPENLOG+15980 MB+DS3231+BME280+PMSX003-B+PMSX003-A,90,54,71,996.66,0.02,17840,-75,191326,16.41,22.02,24.02,16.41,22.02,24.02,72,72,2744.72,793.13,153.85,9.48,1.15,1.00,14.89,19.93,22.65,14.89,19.93,22.65,68,68,2612.02,713.35,117.29,8.80,3.85,2.04
2023/07/24T17:41:17z,a8:48:fa:ca:a1:15,7.02,2.0+OPENLOG+15980 MB+DS3231+BME280+PMSX003-B+PMSX003-A,90,54,71,996.74,0.02,17840,-75,191446,16.25,23.07,26.12,16.25,23.07,26.12,75,75,2774.20,803.02,160.86,15.36,0.61,0.43,15.09,20.66,26.04,15.09,20.66,26.04,69,69,2673.70,737.02,127.43,15.50,8.07,1.11
2023/07/24T17:43:17z,a8:48:fa:ca:a1:15,7.02,2.0+OPENLOG+15980 MB+DS3231+BME280+PMSX003-B+PMSX003-A,90,54,71,996.74,0.02,17840,-76,191566,15.96,21.53,22.59,15.96,21.53,22.59,71,71,2676.06,768.71,138.86,6.12,1.29,0.90,15.05,20.90,24.97,15.05,20.90,24.97,70,70,2743.86,734.84,136.28,13.55,5.66,0.76
2023/07/24T17:45:17z,a8:48:fa:ca:a1:15,7.02,2.0+OPENLOG+15980 MB+DS3231+BME280+PMSX003-B+PMSX003-A,90,54,71,996.76,0.02,17840,-75,191686,15.72,21.65,24.54,15.72,21.65,24.54,72,72,2669.89,774.33,140.06,9.70,1.96,1.44,15.34,20.24,23.78,15.34,20.24,23.78,69,69,2664.41,743.44,113.78,10.88,5.15,1.29
2023/07/24T17:47:17z,a8:48:fa:ca:a1:15,7.02,2.0+OPENLOG+15980 MB+DS3231+BME280+PMSX003-B+PMSX003-A,90,54,71,996.77,0.02,17840,-75,191806,14.98,20.75,22.36,14.98,20.75,22.36,70,70,2546.62,738.15,140.85,5.89,1.89,1.38,14.84,20.75,24.82,14.84,20.75,24.82,70,70,2621.40,716.29,125.89,14.11,6.07,1.67
2023/07/24T17:49:17z,a8:48:fa:ca:a1:15,7.02,2.0+OPENLOG+15980 MB+DS3231+BME280+PMSX003-B+PMSX003-A,90,54,71,996.72,0.02,17840,-75,191926,14.96,20.62,23.24,14.96,20.62,23.24,69,69,2573.73,737.53,153.02,10.36,0.69,0.69,14.77,19.80,21.07,14.77,19.80,21.07,68,68,2560.55,703.45,121.45,6.68,1.43,1.00
2023/07/24T17:51:17z,a8:48:fa:ca:a1:15,7.02,2.0+OPENLOG+15980 MB+DS3231+BME280+PMSX003-B+PMSX003-A,90,54,71,996.70,0.02,17840,-75,192046,16.32,22.75,24.16,16.32,22.75,24.16,74,74,2758.61,795.16,140.05,9.79,1.57,1.29,15.16,21.37,25.72,15.16,21.37,25.72,71,71,2727.05,738.14,131.49,14.04,6.00,2.18
2023/07/24T17:53:17z,a8:48:fa:ca:a1:15,7.02,2.0+OPENLOG+15980 MB+DS3231+BME280+PMSX003-B+PMSX003-A,90,55,71,996.73,0.02,17840,-76,192166,17.35,24.04,25.95,17.35,24.04,25.95,77,77,2960.40,841.44,163.40,10.25,0.51,0.00,16.40,22.90,26.79,16.40,22.90,26.79,74,74,2922.98,793.53,132.28,14.72,4.97,1.97
2023/07/24T17:55:17z,a8:48:fa:ca:a1:15,7.02,2.0+OPENLOG+15980 MB+DS3231+BME280+PMSX003-B+PMSX003-A,90,55,71,996.74,0.02,17840,-75,192286,18.02,24.86,31.09,18.00,24.86,31.09,78,78,3073.61,896.23,169.93,20.18,3.79,2.82,17.04,24.07,34.11,17.04,24.07,34.11,77,77,3117.00,839.95,153.24,26.44,14.95,2.18
2023/07/24T17:57:17z,a8:48:fa:ca:a1:15,7.02,2.0+OPENLOG+15980 MB+DS3231+BME280+PMSX003-B+PMSX003-A,90,55,71,996.73,0.02,17840,-75,192406,17.81,25.23,28.63,17.72,25.12,28.63,79,79,3050.21,881.26,170.95,16.81,0.98,0.98,17.42,23.87,29.44,17.42,23.87,29.44,76,76,2981.18,823.24,149.65,18.04,6.95,2.00
2023/07/24T17:59:17z,a8:48:fa:ca:a1:15,7.02,2.0+OPENLOG+15980 MB+DS3231+BME280+PMSX003-B+PMSX003-A,90,55,71,996.71,0.02,17840,-75,192526,17.57,25.41,29.61,17.50,25.35,29.61,80,79,3054.94,873.80,184.17,17.85,1.52,1.26,15.95,22.93,26.97,15.95,22.93,26.97,74,74,2875.81,777.93,145.53,15.83,5.41,1.34
2023/07/24T18:01:17z,a8:48:fa:ca:a1:15,7.02,2.0+OPENLOG+15980 MB+DS3231+BME280+PMSX003-B+PMSX003-A,90,55,71,996.77,0.02,17840,-75,192646,16.28,23.70,27.19,16.28,23.70,27.19,76,76,2840.17,820.13,160.11,15.85,1.78,0.41,15.49,21.88,27.88,15.49,21.88,27.88,72,72,2772.92,761.76,138.10,17.86,8.47,2.00
2023/07/24T18:03:18z,a8:48:fa:ca:a1:15,7.02,2.0+OPENLOG+15980 MB+DS3231+BME280+PMSX003-B+PMSX003-A,90,55,71,996.74,0.02,17672,-75,192766,17.41,24.66,28.81,17.41,24.66,28.81,78,78,2913.93,839.09,164.60,17.28,2.38,1.72,16.10,22.33,25.74,16.10,22.33,25.74,73,73,2737.14,757.28,146.45,13.00,5.03,1.10
2023/07/24T18:05:18z,a8:48:fa:ca:a1:15,7.02,2.0+OPENLOG+15980 MB+DS3231+BME280+PMSX003-B+PMSX003-A,90,55,71,996.74,0.02,17672,-75,192886,16.31,23.19,27.17,16.31,23.19,27.17,75,75,2795.00,804.69,158.35,18.00,1.11,0.96,15.25,21.73,23.62,15.25,21.73,23.62,72,72,2708.45,732.63,134.27,11.20,2.27,1.17
2023/07/24T18:07:18z,a8:48:fa:ca:a1:15,7.02,2.0+OPENLOG+15980 MB+DS3231+BME280+PMSX003-B+PMSX003-A,90,55,71,996.72,0.02,17840,-75,193006,15.79,21.82,22.71,15.79,21.82,22.71,72,72,2665.45,767.52,140.02,7.11,1.14,1.14,17.09,24.60,28.84,17.07,24.53,28.84,78,78,3037.50,852.14,148.78,15.21,5.83,1.31
2023/07/24T18:09:18z,a8:48:fa:ca:a1:15,7.02,2.0+OPENLOG+15980 MB+DS3231+BME280+PMSX003-B+PMSX003-A,90,55,72,996.72,0.02,17840,-75,193126,20.05,29.23,32.91,19.64,28.93,32.91,88,87,3390.00,979.04,190.68,18.21,3.18,2.29,18.49,24.91,31.42,18.49,24.91,31.42,78,78,3234.06,879.74,156.36,14.98,8.83,4.72
2023/07/24T18:11:18z,a8:48:fa:ca:a1:15,7.02,2.0+OPENLOG+15980 MB+DS3231+BME280+PMSX003-B+PMSX003-A,90,55,72,996.75,0.02,17840,-75,193246,17.30,25.73,31.14,17.25,25.66,31.14,80,80,2992.29,871.29,183.21,20.68,4.39,2.89,16.23,22.96,30.82,16.23,22.96,30.82,74,74,2890.68,802.81,144.75,19.72,12.35,1.54
2023/07/24T18:13:18z,a8:48:fa:ca:a1:15,7.02,2.0+OPENLOG+15980 MB+DS3231+BME280+PMSX003-B+PMSX003-A,90,55,72,996.76,0.02,17840,-75,193366,19.20,27.08,30.65,18.88,26.88,30.65,83,83,3241.53,928.14,180.55,13.25,2.16,1.25,19.00,27.59,34.12,18.83,27.47,34.07,84,84,3408.05,925.69,179.02,18.90,8.55,2.79
2023/07/24T18:15:18z,a8:48:fa:ca:a1:15,7.02,2.0+OPENLOG+15980 MB+DS3231+BME280+PMSX003-B+PMSX003-A,90,55,72,996.76,0.02,17840,-76,193486,24.05,34.05,41.96,22.27,32.27,41.73,98,94,3984.55,1150.18,237.33,29.02,4.36,2.58,22.33,32.93,46.25,21.25,31.85,45.60,96,93,3876.87,1074.51,222.69,34.15,20.87,3.75
2023/07/24T18:17:18z,a8:48:fa:ca:a1:15,7.02,2.0+OPENLOG+15980 MB+DS3231+BME280+PMSX003-B+PMSX003-A,90,56,72,996.74,0.02,17840,-75,193606,23.52,33.02,37.83,21.89,31.44,37.74,96,92,4011.22,1156.20,226.22,17.13,3.19,1.89,22.20,33.58,42.38,21.02,32.11,41.95,97,94,3971.07,1075.07,207.75,31.85,12.22,4.18
2023/07/24T18:19:18z,a8:48:fa:ca:a1:15,7.02,2.0+OPENLOG+15980 MB+DS3231+BME280+PMSX003-B+PMSX003-A,90,56,72,996.72,0.02,17840,-75,193726,23.69,34.45,40.86,21.96,32.39,40.80,99,94,4002.12,1148.63,238.80,27.25,2.98,2.20,21.78,30.96,39.40,20.87,30.16,39.16,91,90,3893.40,1062.95,187.69,22.07,12.47,3.35
2023/07/24T18:21:18z,a8:48:fa:ca:a1:15,7.02,2.0+OPENLOG+15980 MB+DS3231+BME280+PMSX003-B+PMSX003-A,90,56,72,996.76,0.02,17840,-76,193846,24.83,37.13,44.04,22.55,33.91,43.00,106,98,4178.94,1209.49,259.34,31.34,4.60,3.09,21.79,33.12,42.49,20.84,32.00,42.09,96,94,3942.37,1073.19,214.67,29.86,13.44,3.61
2023/07/24T18:23:18z,a8:48:fa:ca:a1:15,7.02,2.0+OPENLOG+15980 MB+DS3231+BME280+PMSX003-B+PMSX003-A,90,56,72,996.72,0.02,17840,-75,193966,26.04,39.45,45.62,23.02,35.25,44.68,112,102,4351.07,1278.02,279.57,32.57,3.07,2.29,24.12,35.75,49.27,22.39,33.57,47.71,103,97,4192.77,1165.79,244.34,35.14,19.86,4.96
2023/07/24T18:25:18z,a8:48:fa:ca:a1:15,7.02,2.0+OPENLOG+15980 MB+DS3231+BME280+PMSX003-B+PMSX003-A,90,56,72,996.73,0.02,17840,-75,194086,25.43,36.52,42.45,22.82,33.48,42.09,105,97,4246.23,1237.86,240.98,24.71,4.64,3.82,22.89,33.35,43.75,21.67,31.93,42.86,96,93,3955.53,1086.07,213.46,31.72,13.72,4.07
2023/07/24T18:27:18z,a8:48:fa:ca:a1:15,7.02,2.0+OPENLOG+15980 MB+DS3231+BME280+PMSX003-B+PMSX003-A,90,56,72,996.69,0.02,17840,-75,194206,24.39,35.89,43.86,22.14,33.25,43.52,103,96,4119.43,1190.04,248.71,31.39,4.82,3.36,21.53,32.36,39.75,20.73,31.13,39.35,94,92,3777.27,1041.11,205.91,25.60,10.22,4.44
2023/07/24T18:29:18z,a8:48:fa:ca:a1:15,7.02,2.0+OPENLOG+15980 MB+DS3231+BME280+PMSX003-B+PMSX003-A,90,56,72,996.70,0.02,17840,-75,194326,24.00,36.04,43.21,22.13,33.28,42.64,104,96,4069.19,1184.36,252.25,32.08,3.32,2.30,21.43,32.36,43.69,20.53,31.45,43.03,94,92,3903.67,1059.98,204.10,33.76,16.93,4.55
2023/07/24T18:31:18z,a8:48:fa:ca:a1:15,7.02,2.0+OPENLOG+15980 MB+DS3231+BME280+PMSX003-B+PMSX003-A,90,56,72,996.66,0.02,17840,-76,194446,22.81,33.67,38.46,21.42,31.90,38.46,97,93,3815.48,1102.42,224.56,22.38,3.73,2.85,21.49,32.23,40.49,20.53,31.16,40.28,94,92,3859.05,1044.40,206.61,26.32,11.12,2.67
2023/07/24T18:33:18z,a8:48:fa:ca:a1:15,7.02,2.0+OPENLOG+15980 MB+DS3231+BME280+PMSX003-B+PMSX003-A,90,56,72,996.64,0.02,17840,-75,194566,23.73,34.07,40.58,21.87,32.07,40.51,98,94,3954.16,1155.75,242.98,25.93,3.02,2.87,22.49,34.04,41.91,21.40,32.37,41.58,98,94,3918.42,1077.65,217.81,28.21,10.84,4.04
2023/07/24T18:35:18z,a8:48:fa:ca:a1:15,7.02,2.0+OPENLOG+15980 MB+DS3231+BME280+PMSX003-B+PMSX003-A,90,56,72,996.63,0.02,17840,-75,194686,25.88,37.23,44.85,23.13,34.05,43.92,106,98,4265.80,1243.82,271.90,25.88,5.87,3.33,23.89,36.13,48.93,22.04,33.84,47.16,104,98,4188.27,1154.95,230.24,38.55,19.24,5.02
2023/07/24T18:37:18z,a8:48:fa:ca:a1:15,7.02,2.0+OPENLOG+15980 MB+DS3231+BME280+PMSX003-B+PMSX003-A,90,57,72,996.65,0.02,17840,-75,194806,23.95,34.84,39.33,22.10,32.53,39.09,100,95,4033.97,1164.21,247.38,22.07,2.10,1.00,23.32,35.30,45.46,21.72,33.46,44.81,102,97,4132.74,1126.88,230.12,32.32,13.68,4.98
2023/07/24T18:39:18z,a8:48:fa:ca:a1:15,7.02,2.0+OPENLOG+15980 MB+DS3231+BME280+PMSX003-B+PMSX003-A,90,57,72,996.62,0.02,17840,-75,194926,23.66,34.53,42.26,21.87,32.42,42.00,99,94,3988.98,1149.04,238.11,28.42,6.57,5.25,21.77,32.18,44.63,20.84,31.23,43.84,94,92,3915.63,1076.33,209.89,33.96,17.23,3.79
2023/07/24T18:41:18z,a8:48:fa:ca:a1:15,7.02,2.0+OPENLOG+15980 MB+DS3231+BME280+PMSX003-B+PMSX003-A,90,57,72,996.61,0.02,17840,-76,195046,23.90,35.42,41.81,22.15,32.98,41.54,102,96,4049.02,1166.77,252.52,28.27,3.38,2.04,20.26,30.00,37.50,19.83,29.66,37.50,89,89,3645.16,987.95,194.40,24.00,9.41,3.55
2023/07/24T18:43:18z,a8:48:fa:ca:a1:15,7.02,2.0+OPENLOG+15980 MB+DS3231+BME280+PMSX003-B+PMSX003-A,90,57,72,996.63,0.02,17840,-75,195166,23.16,33.31,41.56,21.45,31.55,41.29,96,93,3974.95,1147.27,233.16,28.62,5.38,3.53,21.58,32.49,43.04,20.69,31.20,42.58,95,92,3884.02,1073.89,214.15,28.73,16.33,2.25
2023/07/24T18:45:18z,a8:48:fa:ca:a1:15,7.02,2.0+OPENLOG+15980 MB+DS3231+BME280+PMSX003-B+PMSX003-A,90,56,72,996.60,0.02,17840,-75,195286,22.46,32.23,40.39,21.29,31.09,40.14,94,92,3775.93,1089.54,217.46,29.96,5.71,3.93,20.28,29.36,37.79,19.83,29.04,37.58,88,87,3690.23,985.60,196.91,23.13,11.55,3.77
2023/07/24T18:47:18z,a8:48:fa:ca:a1:15,7.02,2.0+OPENLOG+15980 MB+DS3231+BME280+PMSX003-B+PMSX003-A,90,56,72,996.64,0.02,17840,-75,195406,24.06,35.65,43.71,22.25,33.12,43.25,103,96,4001.19,1161.12,258.67,33.46,4.15,3.04,20.67,29.52,37.72,20.29,29.19,37.53,88,88,3595.50,982.50,189.52,24.48,10.79,3.62
2023/07/24T18:49:18z,a8:48:fa:ca:a1:15,7.02,2.0+OPENLOG+15980 MB+DS3231+BME280+PMSX003-B+PMSX003-A,90,56,72,996.62,0.02,17840,-75,195526,24.34,35.72,43.09,22.43,33.23,42.53,103,96,4113.85,1178.28,249.49,29.47,4.91,2.38,22.72,32.58,42.54,21.30,31.53,42.14,95,93,4003.21,1087.84,213.54,28.63,13.51,4.25
2023/07/24T18:51:18z,a8:48:fa:ca:a1:15,7.02,2.0+OPENLOG+15980 MB+DS3231+BME280+PMSX003-B+PMSX003-A,90,56,72,996.61,0.02,17840,-75,195646,23.14,33.41,39.23,21.75,31.82,39.04,97,93,3900.21,1125.86,227.07,23.93,5.25,2.39,22.04,33.48,44.95,21.00,32.27,44.27,97,94,3873.80,1068.29,226.54,31.43,18.07,6.11
2023/07/24T18:53:18z,a8:48:fa:ca:a1:15,7.02,2.0+OPENLOG+15980 MB+DS3231+BME280+PMSX003-B+PMSX003-A,90,56,72,996.57,0.02,17840,-75,195766,24.84,35.09,39.75,22.58,32.80,39.55,101,95,4069.85,1184.55,238.73,23.53,0.95,0.44,22.22,33.02,40.16,21.16,31.84,40.13,96,93,3949.75,1085.65,210.31,25.31,9.42,3.89
2023/07/24T18:55:18z,a8:48:fa:ca:a1:15,7.02,2.0+OPENLOG+15980 MB+DS3231+BME280+PMSX003-B+PMSX003-A,90,56,72,996.53,0.02,17840,-76,195886,22.70,31.79,37.28,21.28,30.36,37.23,93,90,3820.70,1093.91,218.21,19.51,2.42,2.42,21.30,30.96,43.19,20.51,29.81,42.70,91,89,3861.47,1041.42,201.54,31.75,18.04,2.53
2023/07/24T18:57:18z,a8:48:fa:ca:a1:15,7.02,2.0+OPENLOG+15980 MB+DS3231+BME280+PMSX003-B+PMSX003-A,90,56,72,996.47,0.02,17840,-75,196006,20.13,30.19,33.87,19.58,29.62,33.87,90,89,3469.79,1009.96,207.88,21.00,0.92,0.54,19.05,26.67,32.62,18.97,26.67,32.53,82,82,3450.47,928.60,163.00,19.07,7.41,2.59
2023/07/24T18:59:18z,a8:48:fa:ca:a1:15,7.02,2.0+OPENLOG+15980 MB+DS3231+BME280+PMSX003-B+PMSX003-A,90,56,72,996.50,0.02,17840,-75,196126,21.65,30.77,34.58,20.67,30.04,34.58,91,89,3607.37,1048.07,206.98,17.72,3.37,1.26,17.91,26.09,35.61,17.87,26.09,35.50,81,81,3296.22,888.04,170.48,26.26,13.04,3.41
2023/07/24T19:01:18z,a8:48:fa:ca:a1:15,7.02,2.0+OPENLOG+15980 MB+DS3231+BME280+PMSX003-B+PMSX003-A,90,56,72,996.48,0.02,17840,-76,196246,21.04,29.87,34.38,20.31,29.27,34.38,89,88,3543.71,1014.04,197.33,24.04,1.75,1.16,19.80,28.78,40.85,19.61,28.54,40.56,87,86,3509.11,966.93,193.81,30.93,17.19,4.96
2023/07/24T19:03:19z,a8:48:fa:ca:a1:15,7.02,2.0+OPENLOG+15980 MB+DS3231+BME280+PMSX003-B+PMSX003-A,90,56,72,996.48,0.02,17672,-75,196367,21.23,31.02,36.25,20.32,30.11,36.25,92,90,3551.14,1027.71,215.55,20.36,4.64,4.07,19.00,27.34,38.17,18.93,27.22,38.09,84,83,3421.14,928.45,185.12,26.28,15.38,4.03
2023/07/24T19:05:19z,a8:48:fa:ca:a1:15,7.02,2.0+OPENLOG+15980 MB+DS3231+BME280+PMSX003-B+PMSX003-A,90,55,72,996.51,0.02,17672,-75,196487,19.62,27.71,29.95,19.27,27.62,29.95,84,84,3335.14,951.34,189.36,12.36,1.39,0.93,18.27,26.02,31.87,18.27,26.02,31.87,81,81,3323.35,887.40,165.87,17.64,7.20,3.56
2023/07/24T19:07:19z,a8:48:fa:ca:a1:15,7.02,2.0+OPENLOG+15980 MB+DS3231+BME280+PMSX003-B+PMSX003-A,90,55,72,996.54,0.02,17840,-76,196607,23.75,34.75,42.23,21.91,32.38,41.47,99,94,3972.96,1153.42,262.92,26.15,3.81,3.17,19.75,28.51,37.60,19.56,28.32,37.53,86,86,3519.11,960.77,192.77,25.37,12.67,2.84
2023/07/24T19:09:19z,a8:48:fa:ca:a1:15,7.02,2.0+OPENLOG+15980 MB+DS3231+BME280+PMSX003-B+PMSX003-A,90,55,72,996.54,0.02,17840,-75,196727,22.76,34.26,41.38,21.30,32.18,41.18,98,94,3949.26,1133.04,252.32,29.60,2.92,2.60,20.09,30.93,38.74,19.68,30.11,38.74,91,90,3619.32,985.12,197.25,28.32,10.91,3.02
2023/07/24T19:11:19z,a8:48:fa:ca:a1:15,7.02,2.0+OPENLOG+15980 MB+DS3231+BME280+PMSX003-B+PMSX003-A,90,55,72,996.56,0.02,17840,-75,196847,25.25,37.54,44.44,22.71,34.21,43.83,107,98,4301.31,1233.96,263.94,31.50,3.85,1.88,22.05,33.64,40.22,21.03,32.27,40.07,97,94,3913.53,1070.95,215.41,27.02,8.75,2.61
2023/07/24T19:13:19z,a8:48:fa:ca:a1:15,7.02,2.0+OPENLOG+15980 MB+DS3231+BME280+PMSX003-B+PMSX003-A,90,56,72,996.56,0.02,17840,-76,196967,31.25,49.29,56.48,26.00,40.54,51.34,136,115,5221.61,1518.11,357.30,38.14,5.50,4.07,30.19,45.11,58.85,25.47,38.89,53.38,126,111,5073.06,1420.08,298.53,41.43,19.43,5.77
2023/07/24T19:15:19z,a8:48:fa:ca:a1:15,7.02,2.0+OPENLOG+15980 MB+DS3231+BME280+PMSX003-B+PMSX003-A,90,56,72,996.56,0.02,17840,-75,197087,30.49,46.56,54.47,25.53,39.09,49.89,129,111,5081.13,1476.20,356.53,34.07,5.38,3.78,26.54,38.83,53.28,23.57,35.54,50.09,110,102,4529.83,1270.09,257.20,38.89,21.48,6.44
2023/07/24T19:17:19z,a8:48:fa:ca:a1:15,7.02,2.0+OPENLOG+15980 MB+DS3231+BME280+PMSX003-B+PMSX003-A,90,56,72,996.53,0.02,17840,-76,197207,34.37,50.59,58.67,27.53,41.27,53.08,139,116,5592.47,1633.31,360.69,36.39,4.55,3.49,31.63,45.67,52.65,26.25,39.51,50.04,127,112,5220.47,1444.32,299.40,27.16,8.25,5.05
2023/07/24T19:19:19z,a8:48:fa:ca:a1:15,7.02,2.0+OPENLOG+15980 MB+DS3231+BME280+PMSX003-B+PMSX003-A,90,56,72,996.54,0.02,17840,-75,197327,27.77,40.98,50.83,24.06,36.19,48.29,116,104,4672.79,1351.25,309.73,34.04,6.58,4.81,24.66,37.69,48.76,22.59,34.60,47.12,108,99,4330.76,1190.60,263.24,32.48,15.69,6.14
2023/07/24T19:21:19z,a8:48:fa:ca:a1:15,7.02,2.0+OPENLOG+15980 MB+DS3231+BME280+PMSX003-B+PMSX003-A,90,56,72,996.50,0.02,17840,-75,197447,25.94,38.59,47.74,23.00,34.81,46.37,110,100,4407.39,1266.69,277.56,34.44,6.30,3.89,24.87,38.44,52.36,22.71,35.35,49.58,109,102,4349.67,1209.36,262.69,40.00,20.69,5.67
2023/07/24T19:23:19z,a8:48:fa:ca:a1:15,7.02,2.0+OPENLOG+15980 MB+DS3231+BME280+PMSX003-B+PMSX003-A,90,56,72,996.49,0.02,17840,-75,197567,25.87,38.98,46.13,23.17,35.06,45.00,111,101,4345.90,1257.98,272.02,33.08,3.27,3.00,24.89,37.77,53.77,22.70,34.77,50.55,108,100,4422.23,1216.74,258.02,42.42,23.40,6.34
2023/07/24T19:25:19z,a8:48:fa:ca:a1:15,7.02,2.0+OPENLOG+15980 MB+DS3231+BME280+PMSX003-B+PMSX003-A,90,56,72,996.46,0.02,17840,-75,197687,26.45,40.96,48.40,23.49,36.23,46.64,116,104,4415.32,1287.94,285.55,38.55,3.66,1.85,25.23,38.60,48.58,22.81,35.33,46.82,110,102,4363.21,1207.47,254.42,34.04,15.79,2.98
2023/07/24T19:27:19z,a8:48:fa:ca:a1:15,7.02,2.0+OPENLOG+15980 MB+DS3231+BME280+PMSX003-B+PMSX003-A,90,56,72,996.42,0.02,17840,-75,197807,27.61,39.65,47.59,24.20,35.59,45.98,112,102,4541.89,1310.63,274.06,31.26,5.74,2.85,24.98,37.93,50.30,22.67,34.51,47.98,108,99,4382.89,1209.49,259.35,35.82,18.88,3.93
2023/07/24T19:29:19z,a8:48:fa:ca:a1:15,7.02,2.0+OPENLOG+15980 MB+DS3231+BME280+PMSX003-B+PMSX003-A,90,56,72,996.41,0.02,17840,-75,197927,23.75,35.75,40.21,22.04,33.15,40.12,103,96,3966.98,1149.12,244.12,26.02,3.00,1.27,20.43,31.29,39.75,19.96,30.43,39.57,92,90,3653.62,1005.52,218.96,25.00,10.96,4.14
2023/07/24T19:31:19z,a8:48:fa:ca:a1:15,7.02,2.0+OPENLOG+15980 MB+DS3231+BME280+PMSX003-B+PMSX003-A,90,56,72,996.42,0.02,17840,-75,198047,21.94,32.02,37.81,20.83,30.81,37.81,94,91,3717.11,1071.43,221.83,22.02,3.25,2.91,20.50,32.55,41.20,19.93,31.34,40.84,95,92,3725.09,1020.25,204.96,32.89,12.07,3.32
2023/07/24T19:33:19z,a8:48:fa:ca:a1:15,7.02,2.0+OPENLOG+15980 MB+DS3231+BME280+PMSX003-B+PMSX003-A,90,56,72,996.37,0.02,17840,-76,198167,22.93,34.49,40.65,21.62,32.38,40.42,99,94,3826.36,1111.20,253.25,26.55,3.82,2.76,20.97,30.84,39.91,20.24,29.76,39.86,91,89,3736.45,1017.91,209.55,25.45,11.93,5.62
2023/07/24T19:35:19z,a8:48:fa:ca:a1:15,7.02,2.0+OPENLOG+15980 MB+DS3231+BME280+PMSX003-B+PMSX003-A,90,56,72,996.39,0.02,17840,-75,198287,28.49,41.76,47.76,24.57,36.80,46.29,118,105,4716.88,1356.92,286.88,30.18,2.47,2.31,26.20,39.41,52.32,23.27,35.73,49.66,112,103,4624.42,1271.31,259.68,37.29,20.24,3.05
2023/07/24T19:37:19z,a8:48:fa:ca:a1:15,7.02,2.0+OPENLOG+15980 MB+DS3231+BME280+PMSX003-B+PMSX003-A,90,56,72,996.38,0.02,17840,-76,198407,27.93,43.22,49.35,24.09,37.35,47.28,121,107,4645.89,1367.19,311.61,30.19,3.81,3.07,26.04,39.52,53.02,23.34,35.79,49.89,112,103,4565.95,1256.48,262.68,41.32,20.11,4.43
2023/07/24T19:39:19z,a8:48:fa:ca:a1:15,7.02,2.0+OPENLOG+15980 MB+DS3231+BME280+PMSX003-B+PMSX003-A,90,55,72,996.35,0.02,17840,-75,198527,25.66,38.32,45.50,22.91,34.43,43.48,109,99,4319.09,1251.61,279.34,32.64,3.00,2.18,27.57,41.44,55.43,24.09,37.02,51.50,117,106,4706.50,1315.91,277.39,41.74,21.70,3.70
2023/07/24T19:41:19z,a8:48:fa:ca:a1:15,7.02,2.0+OPENLOG+15980 MB+DS3231+BME280+PMSX003-B+PMSX003-A,90,55,72,996.35,0.02,17840,-75,198647,21.55,31.93,41.18,20.61,30.64,40.79,93,91,3652.93,1064.30,241.39,30.43,5.82,3.96,23.20,33.67,47.07,21.44,31.82,45.47,97,93,4048.75,1112.18,221.73,34.62,20.00,5.89
2023/07/24T19:43:18z,a8:48:fa:ca:a1:15,7.02,2.0+OPENLOG+15980 MB+DS3231+BME280+PMSX003-B+PMSX003-A,90,55,72,996.33,0.02,17840,-76,198767,22.08,32.82,40.14,20.86,31.34,39.92,95,92,3677.10,1075.88,235.18,27.32,5.96,4.32,20.33,30.69,42.42,19.87,30.22,42.02,91,90,3606.22,991.00,207.51,33.16,17.31,3.78
2023/07/24T19:45:18z,a8:48:fa:ca:a1:15,7.02,2.0+OPENLOG+15980 MB+DS3231+BME280+PMSX003-B+PMSX003-A,90,55,72,996.34,0.02,17840,-75,198887,23.95,33.40,40.11,21.95,31.62,39.84,97,93,3966.11,1148.62,247.89,22.07,4.51,2.33,20.22,30.17,41.05,19.81,29.56,40.76,90,88,3670.53,1002.12,197.39,30.61,16.24,2.64
2023/07/24T19:47:18z,a8:48:fa:ca:a1:15,7.02,2.0+OPENLOG+15980 MB+DS3231+BME280+PMSX003-B+PMSX003-A,90,55,72,996.30,0.02,17840,-75,199007,23.74,34.57,42.81,21.91,32.51,42.28,99,95,4023.62,1156.62,255.32,28.75,5.17,2.98,20.55,31.15,40.02,20.07,30.35,39.96,92,90,3676.31,1007.91,201.78,28.36,12.18,3.42
2023/07/24T19:49:18z,a8:48:fa:ca:a1:15,7.02,2.0+OPENLOG+15980 MB+DS3231+BME280+PMSX003-B+PMSX003-A,90,55,71,996.34,0.02,17840,-75,199127,28.82,41.64,50.25,24.89,36.58,47.62,117,105,4763.78,1378.58,296.36,33.60,4.62,2.36,24.30,35.45,45.92,22.26,32.91,44.75,102,96,4233.00,1169.40,232.62,30.26,14.26,4.72
2023/07/24T19:51:18z,a8:48:fa:ca:a1:15,7.02,2.0+OPENLOG+15980 MB+DS3231+BME280+PMSX003-B+PMSX003-A,90,55,71,996.32,0.02,17840,-75,199247,27.53,40.68,46.75,23.91,36.04,45.62,115,104,4532.49,1315.49,288.94,28.23,4.08,3.32,26.40,41.23,56.14,23.42,36.96,51.91,116,106,4660.68,1294.93,285.11,44.21,22.60,4.81
2023/07/24T19:53:18z,a8:48:fa:ca:a1:15,7.02,2.0+OPENLOG+15980 MB+DS3231+BME280+PMSX003-B+PMSX003-A,90,55,71,996.26,0.02,17840,-75,199367,25.04,37.18,42.27,22.45,33.95,42.02,106,98,4173.49,1217.31,256.29,23.31,4.22,3.42,22.55,34.48,47.40,21.29,32.55,45.88,99,95,3989.84,1098.83,222.60,38.34,19.83,4.00
2023/07/24T19:55:18z,a8:48:fa:ca:a1:15,7.02,2.0+OPENLOG+15980 MB+DS3231+BME280+PMSX003-B+PMSX003-A,90,55,71,996.27,0.02,17840,-75,199487,20.75,29.84,36.21,19.98,29.29,36.21,89,88,3562.71,1023.71,220.98,20.07,5.57,2.71,18.50,27.48,36.52,18.41,27.48,36.45,84,84,3293.79,907.32,174.27,27.68,12.57,3.82
2023/07/24T19:57:18z,a8:48:fa:ca:a1:15,7.02,2.0+OPENLOG+15980 MB+DS3231+BME280+PMSX003-B+PMSX003-A,90,55,71,996.22,0.02,17840,-76,199607,20.98,31.56,37.53,20.09,30.62,37.53,93,91,3632.45,1046.04,225.42,24.69,3.38,1.67,20.87,30.20,41.74,20.11,29.78,41.20,90,89,3669.44,1016.56,197.63,29.15,16.70,4.70
2023/07/24T19:59:18z,a8:48:fa:ca:a1:15,7.02,2.0+OPENLOG+15980 MB+DS3231+BME280+PMSX003-B+PMSX003-A,90,55,71,996.21,0.02,17840,-75,199727,23.44,33.87,40.22,21.82,32.05,40.11,98,94,3912.44,1127.55,243.25,24.91,3.31,2.51,22.25,33.66,42.09,21.09,32.12,41.70,97,94,3971.46,1083.66,225.38,28.39,12.04,2.04
2023/07/24T20:01:18z,a8:48:fa:ca:a1:15,7.02,2.0+OPENLOG+15980 MB+DS3231+BME280+PMSX003-B+PMSX003-A,90,55,71,996.14,0.02,17840,-76,199847,24.87,38.07,44.15,22.70,34.50,43.35,109,99,4169.35,1212.15,279.59,29.54,3.00,2.48,23.05,34.49,47.00,21.51,32.53,45.85,99,95,4033.36,1119.45,224.62,35.64,18.80,4.25
2023/07/24T20:03:19z,a8:48:fa:ca:a1:15,7.02,2.0+OPENLOG+15980 MB+DS3231+BME280+PMSX003-B+PMSX003-A,90,55,71,996.16,0.02,17672,-75,199968,27.70,42.86,48.38,24.02,36.75,45.11,120,105,4633.98,1342.75,307.18,30.14,3.18,1.36,24.70,37.44,45.51,22.26,34.16,43.19,107,98,4214.84,1175.54,244.96,30.25,10.46,3.37
2023/07/24T20:05:19z,a8:48:fa:ca:a1:15,7.02,2.0+OPENLOG+15980 MB+DS3231+BME280+PMSX003-B+PMSX003-A,90,55,71,996.13,0.02,17672,-75,200088,32.25,48.64,55.04,26.53,40.36,50.81,134,114,5370.00,1560.94,349.06,31.34,4.42,2.79,29.60,43.57,54.12,25.14,38.29,50.59,122,109,5018.33,1398.50,295.69,32.55,15.28,3.24
2023/07/24T20:07:19z,a8:48:fa:ca:a1:15,7.02,2.0+OPENLOG+15980 MB+DS3231+BME280+PMSX003-B+PMSX003-A,90,55,71,996.24,0.02,17840,-76,200208,42.65,60.67,69.78,30.89,45.43,58.80,154,127,6948.44,2013.93,413.02,38.54,4.26,3.11,38.04,53.42,67.58,29.33,43.29,58.33,146,121,6357.22,1757.29,337.25,39.05,21.71,4.25
2023/07/24T20:09:19z,a8:48:fa:ca:a1:15,7.02,2.0+OPENLOG+15980 MB+DS3231+BME280+PMSX003-B+PMSX003-A,90,55,71,996.27,0.02,17840,-75,200328,27.67,40.77,47.50,24.12,36.15,46.00,115,104,4574.02,1326.60,288.75,29.92,3.54,2.85,30.75,45.44,57.05,25.55,39.15,52.16,127,111,5274.93,1452.40,300.22,36.44,16.55,4.22
2023/07/24T20:11:19z,a8:48:fa:ca:a1:15,7.02,2.0+OPENLOG+15980 MB+DS3231+BME280+PMSX003-B+PMSX003-A,90,55,71,996.32,0.02,17840,-75,200448,23.91,35.81,42.44,21.98,33.26,41.81,103,96,4028.33,1175.61,261.37,29.02,3.00,2.11,22.11,34.16,43.88,20.96,32.48,43.21,98,95,4003.07,1096.82,223.91,30.57,14.39,4.18
2023/07/24T20:13:19z,a8:48:fa:ca:a1:15,7.02,2.0+OPENLOG+15980 MB+DS3231+BME280+PMSX003-B+PMSX003-A,90,55,71,996.34,0.02,17840,-75,200568,20.62,30.31,37.29,19.98,29.84,37.29,90,89,3519.38,1021.38,222.13,26.33,4.15,2.15,18.19,28.63,40.10,18.03,28.39,39.86,86,86,3278.95,910.12,190.81,32.75,15.25,5.59
2023/07/24T20:15:19z,a8:48:fa:ca:a1:15,7.02,2.0+OPENLOG+15980 MB+DS3231+BME280+PMSX003-B+PMSX003-A,90,55,71,996.38,0.02,17840,-75,200688,22.09,32.67,36.59,20.93,31.41,36.59,95,92,3660.39,1060.72,223.09,21.44,3.56,1.74,19.42,27.86,37.56,19.18,27.84,37.54,85,85,3463.79,945.95,188.46,24.42,11.82,5.33
2023/07/24T20:17:19z,a8:48:fa:ca:a1:15,7.02,2.0+OPENLOG+15980 MB+DS3231+BME280+PMSX003-B+PMSX003-A,90,54,71,996.38,0.02,17840,-75,200808,23.91,35.44,42.87,21.89,33.00,42.20,102,96,4050.17,1178.39,253.13,30.26,3.00,2.07,20.64,31.98,38.75,20.09,30.80,38.75,94,91,3693.86,1017.41,218.39,23.11,8.46,3.79
2023/07/24T20:19:19z,a8:48:fa:ca:a1:15,7.02,2.0+OPENLOG+15980 MB+DS3231+BME280+PMSX003-B+PMSX003-A,90,55,71,996.38,0.02,17840,-75,200928,40.49,58.67,66.62,30.20,44.53,56.55,153,124,6519.00,1911.87,403.15,36.05,4.22,3.13,35.50,50.41,60.30,27.80,41.19,53.20,139,116,5975.67,1642.24,313.80,34.19,14.15,2.67
2023/07/24T20:21:19z,a8:48:fa:ca:a1:15,7.02,2.0+OPENLOG+15980 MB+DS3231+BME280+PMSX003-B+PMSX003-A,90,55,71,996.33,0.02,17840,-75,201048,34.30,51.02,60.12,27.46,41.48,53.92,140,117,5611.50,1650.12,371.54,36.70,5.36,4.08,33.85,49.25,62.73,27.24,40.86,55.51,136,115,5670.31,1583.20,330.08,38.20,20.54,3.69
2023/07/24T20:23:19z,a8:48:fa:ca:a1:15,7.02,2.0+OPENLOG+15980 MB+DS3231+BME280+PMSX003-B+PMSX003-A,90,55,71,996.31,0.02,17840,-75,201168,32.13,47.20,52.31,26.56,39.59,49.15,131,112,5272.28,1533.44,341.76,29.35,2.56,2.04,30.91,45.18,57.85,25.76,38.93,52.58,126,111,5332.75,1477.35,309.25,38.36,17.16,4.04
2023/07/24T20:25:19z,a8:48:fa:ca:a1:15,7.02,2.0+OPENLOG+15980 MB+DS3231+BME280+PMSX003-B+PMSX003-A,90,55,71,996.31,0.02,17840,-75,201288,32.23,46.02,53.27,26.61,39.09,49.75,128,111,5248.34,1529.45,325.18,27.18,5.04,3.93,33.21,48.64,66.02,26.77,40.94,57.53,134,116,5661.96,1569.25,325.70,48.49,25.62,5.74
2023/07/24T20:27:19z,a8:48:fa:ca:a1:15,7.02,2.0+OPENLOG+15980 MB+DS3231+BME280+PMSX003-B+PMSX003-A,90,55,72,996.36,0.02,17840,-76,201408,27.91,41.47,49.02,24.33,36.60,47.20,117,105,4555.80,1339.78,295.05,31.85,3.96,2.73,23.48,36.04,47.69,21.72,33.63,46.04,104,97,4126.83,1138.13,246.59,35.48,16.81,3.44
2023/07/24T20:29:19z,a8:48:fa:ca:a1:15,7.02,2.0+OPENLOG+15980 MB+DS3231+BME280+PMSX003-B+PMSX003-A,90,55,72,996.35,0.02,17840,-75,201528,26.77,39.51,48.28,23.57,35.34,46.26,112,102,4488.79,1294.53,277.15,35.15,4.79,3.58,24.41,37.12,51.30,22.41,34.29,49.02,106,98,4245.91,1174.18,249.16,40.64,20.43,6.57
2023/07/24T20:31:19z,a8:48:fa:ca:a1:15,7.02,2.0+OPENLOG+15980 MB+DS3231+BME280+PMSX003-B+PMSX003-A,90,55,72,996.35,0.02,17840,-76,201648,28.76,42.64,49.98,24.69,37.04,47.33,120,106,4700.78,1370.27,304.36,33.95,4.44,2.62,25.16,37.35,50.14,22.81,34.35,47.75,107,99,4397.68,1217.35,253.74,35.89,18.46,4.11
2023/07/24T20:33:19z,a8:48:fa:ca:a1:15,7.02,2.0+OPENLOG+15980 MB+DS3231+BME280+PMSX003-B+PMSX003-A,90,55,72,996.39,0.02,17840,-77,201768,25.94,39.59,46.44,23.06,35.17,44.96,112,101,4456.83,1296.57,281.61,31.52,3.48,2.70,24.18,34.80,47.98,21.78,32.36,46.15,100,94,4202.62,1158.87,226.05,33.82,19.16,5.24
2023/07/24T20:35:19z,a8:48:fa:ca:a1:15,7.02,2.0+OPENLOG+15980 MB+DS3231+BME280+PMSX003-B+PMSX003-A,90,55,72,996.33,0.02,17840,-75,201888,22.04,31.82,38.50,20.98,30.75,38.46,93,91,3794.04,1090.71,219.32,24.82,4.36,2.57,20.94,29.78,43.22,20.30,29.46,42.76,89,88,3651.89,1000.87,201.17,31.07,17.78,6.52
2023/07/24T20:37:19z,a8:48:fa:ca:a1:15,7.02,2.0+OPENLOG+15980 MB+DS3231+BME280+PMSX003-B+PMSX003-A,90,55,72,996.21,0.02,17840,-76,202008,21.22,31.44,39.39,20.20,30.37,39.31,92,90,3594.72,1044.69,235.24,32.70,4.00,2.67,19.38,29.32,41.00,19.20,28.98,40.86,88,87,3436.66,956.21,202.14,32.25,14.36,4.25
2023/07/24T20:39:19z,a8:48:fa:ca:a1:15,7.02,2.0+OPENLOG+15980 MB+DS3231+BME280+PMSX003-B+PMSX003-A,90,55,72,996.15,0.02,17840,-75,202128,22.67,33.25,39.73,21.39,31.76,39.67,96,93,3751.82,1083.69,234.49,29.80,3.84,2.47,20.98,32.02,44.60,20.35,31.07,44.25,94,92,3720.89,1020.68,219.46,33.26,18.04,6.35
2023/07/24T20:41:19z,a8:48:fa:ca:a1:15,7.02,2.0+OPENLOG+15980 MB+DS3231+BME280+PMSX003-B+PMSX003-A,90,55,71,996.01,0.02,17840,-75,202248,23.43,33.75,39.91,21.74,31.92,39.91,97,93,3857.32,1119.96,234.09,23.02,4.26,3.58,20.91,31.78,44.64,20.19,30.67,44.10,93,91,3682.76,1022.24,216.34,36.86,18.45,4.72
2023/07/24T20:43:19z,a8:48:fa:ca:a1:15,7.02,2.0+OPENLOG+15980 MB+DS3231+BME280+PMSX003-B+PMSX003-A,90,55,72,995.95,0.02,17840,-79,202368,23.93,35.36,42.32,22.11,33.00,42.16,102,96,4001.30,1157.50,249.66,27.68,5.11,2.54,21.81,33.41,42.00,20.93,31.93,41.80,97,93,3849.50,1053.74,213.46,32.19,11.41,3.11
2023/07/24T20:45:19z,a8:48:fa:ca:a1:15,7.02,2.0+OPENLOG+15980 MB+DS3231+BME280+PMSX003-B+PMSX003-A,90,55,72,996.03,0.02,17840,-75,202488,21.39,32.64,38.43,20.43,31.21,38.43,95,92,3703.61,1070.95,251.30,22.86,3.64,2.50,19.87,30.04,42.82,19.65,29.60,42.75,89,88,3458.13,964.42,217.40,33.93,17.45,4.95
2023/07/24T20:47:19z,a8:48:fa:ca:a1:15,7.02,2.0+OPENLOG+15980 MB+DS3231+BME280+PMSX003-B+PMSX003-A,90,55,72,996.00,0.02,17840,-75,202608,21.78,32.33,40.76,20.80,31.08,40.75,94,92,3638.76,1060.45,238.84,31.96,5.22,4.08,19.00,28.75,38.46,18.96,28.68,38.46,87,87,3356.73,930.29,199.00,25.29,12.86,6.07
2023/07/24T20:49:19z,a8:48:fa:ca:a1:15,7.02,2.0+OPENLOG+15980 MB+DS3231+BME280+PMSX003-B+PMSX003-A,90,55,72,996.04,0.02,17840,-75,202728,21.71,30.87,37.63,20.87,30.17,37.63,91,90,3589.73,1044.40,220.83,23.77,4.19,3.31,20.07,30.11,45.65,19.79,29.65,44.95,90,89,3561.05,979.75,216.65,38.84,23.51,4.28
2023/07/24T20:51:19z,a8:48:fa:ca:a1:15,7.02,2.0+OPENLOG+15980 MB+DS3231+BME280+PMSX003-B+PMSX003-A,90,55,72,996.04,0.02,17840,-75,202848,21.14,32.46,37.95,20.21,31.16,37.95,95,92,3683.41,1056.00,231.30,29.71,2.14,1.93,19.70,29.40,39.95,19.46,28.88,39.89,88,87,3486.58,965.49,201.70,27.96,13.51,4.88
2023/07/24T20:53:19z,a8:48:fa:ca:a1:15,7.02,2.0+OPENLOG+15980 MB+DS3231+BME280+PMSX003-B+PMSX003-A,90,55,71,996.08,0.02,17840,-76,202968,21.56,32.07,37.77,20.67,31.02,37.77,94,92,3658.42,1059.02,227.26,22.70,4.00,3.51,19.98,29.80,38.39,19.63,29.37,38.22,89,88,3608.83,977.15,193.85,26.44,11.26,3.07
2023/07/24T20:55:19z,a8:48:fa:ca:a1:15,7.02,2.0+OPENLOG+15980 MB+DS3231+BME280+PMSX003-B+PMSX003-A,90,55,71,996.06,0.02,17840,-75,203088,21.23,31.77,37.70,20.47,30.70,37.70,93,91,3607.13,1032.19,218.30,28.53,3.81,1.77,20.02,30.86,39.49,19.61,30.20,39.41,91,90,3614.90,996.93,211.36,27.63,11.76,2.20
2023/07/24T20:57:19z,a8:48:fa:ca:a1:15,7.02,2.0+OPENLOG+15980 MB+DS3231+BME280+PMSX003-B+PMSX003-A,90,55,71,996.06,0.02,17840,-76,203208,20.49,30.10,35.20,19.88,29.61,35.20,90,89,3480.47,1001.63,203.31,23.24,3.49,2.98,20.18,30.60,40.89,19.74,30.07,40.75,91,89,3614.63,999.39,204.89,31.79,14.77,2.77
2023/07/24T20:59:19z,a8:48:fa:ca:a1:15,7.02,2.0+OPENLOG+15980 MB+DS3231+BME280+PMSX003-B+PMSX003-A,90,55,71,995.98,0.02,17840,-75,203328,20.98,31.53,36.98,20.33,30.62,36.98,93,91,3575.84,1032.69,240.98,22.47,3.82,2.40,20.19,30.07,39.97,19.83,29.50,39.71,89,88,3597.05,991.28,208.55,26.93,14.41,3.45
2023/07/24T21:01:19z,a8:48:fa:ca:a1:15,7.02,2.0+OPENLOG+15980 MB+DS3231+BME280+PMSX003-B+PMSX003-A,90,55,71,995.94,0.02,17840,-76,203448,22.02,32.36,38.98,21.02,31.17,38.96,94,92,3687.17,1065.08,236.00,27.45,2.98,2.11,20.89,31.57,40.56,20.28,30.69,40.43,93,91,3696.56,1012.74,208.15,28.67,12.22,3.19
2023/07/24T21:03:20z,a8:48:fa:ca:a1:15,7.02,2.0+OPENLOG+15980 MB+DS3231+BME280+PMSX003-B+PMSX003-A,90,55,71,995.92,0.02,17672,-76,203568,21.48,32.00,35.20,20.54,31.11,35.20,94,92,3533.04,1035.21,212.38,19.11,2.18,1.18,18.90,29.14,33.93,18.78,28.64,33.93,88,86,3389.33,937.50,187.29,20.00,4.76,4.45
2023/07/24T21:05:20z,a8:48:fa:ca:a1:15,7.02,2.0+OPENLOG+15980 MB+DS3231+BME280+PMSX003-B+PMSX003-A,90,55,71,995.91,0.02,17840,-76,203688,19.79,30.04,37.49,19.40,29.63,37.49,89,89,3454.42,993.74,212.96,27.30,5.40,4.21,19.72,30.08,41.45,19.43,29.58,41.30,90,88,3499.58,967.40,202.47,33.21,16.57,2.26
2023/07/24T21:07:20z,a8:48:fa:ca:a1:15,7.02,2.0+OPENLOG+15980 MB+DS3231+BME280+PMSX003-B+PMSX003-A,90,55,71,995.88,0.02,17840,-75,203808,22.31,33.07,41.38,21.09,31.55,41.09,96,93,3690.00,1081.75,242.82,31.24,4.51,2.69,20.91,30.73,37.93,20.25,30.25,37.93,91,90,3625.91,1004.24,199.31,22.07,9.05,5.35
2023/07/24T21:09:20z,a8:48:fa:ca:a1:15,7.02,2.0+OPENLOG+15980 MB+DS3231+BME280+PMSX003-B+PMSX003-A,90,55,71,995.87,0.02,17840,-75,203928,20.82,31.44,37.76,20.15,30.55,37.64,92,91,3647.73,1040.60,224.78,26.45,4.73,3.45,19.53,30.07,39.48,19.28,29.69,39.19,89,89,3500.38,968.64,192.43,31.66,12.93,2.62
2023/07/24T21:11:20z,a8:48:fa:ca:a1:15,7.02,2.0+OPENLOG+15980 MB+DS3231+BME280+PMSX003-B+PMSX003-A,90,54,71,995.88,0.02,17840,-75,204048,20.76,30.78,37.09,20.04,30.26,37.09,91,90,3510.72,1012.89,218.89,27.07,4.07,1.96,19.07,28.53,42.21,18.98,28.37,41.95,86,86,3478.05,952.44,206.32,33.61,19.61,4.98
2023/07/24T21:13:20z,a8:48:fa:ca:a1:15,7.02,2.0+OPENLOG+15980 MB+DS3231+BME280+PMSX003-B+PMSX003-A,90,54,71,995.85,0.02,17840,-75,204168,20.88,30.23,37.46,20.18,29.55,37.46,90,88,3534.43,1025.45,225.59,25.71,4.29,3.64,19.47,28.62,33.93,19.47,28.45,33.89,86,86,3362.07,947.93,178.53,20.69,4.98,3.53
2023/07/24T21:15:20z,a8:48:fa:ca:a1:15,7.02,2.0+OPENLOG+15980 MB+DS3231+BME280+PMSX003-B+PMSX003-A,90,54,71,995.82,0.02,17840,-75,204288,20.11,29.37,32.61,19.49,29.00,32.61,88,87,3412.58,988.58,209.25,15.93,2.14,1.68,19.36,28.80,36.87,19.20,28.62,36.76,87,86,3391.75,934.58,190.53,24.51,10.69,2.76
2023/07/24T21:17:20z,a8:48:fa:ca:a1:15,7.02,2.0+OPENLOG+15980 MB+DS3231+BME280+PMSX003-B+PMSX003-A,90,54,71,995.83,0.02,17840,-75,204408,21.29,30.54,35.46,20.52,29.91,35.46,90,89,3517.50,1020.70,213.96,19.11,4.04,3.36,18.82,27.88,38.91,18.73,27.86,38.86,85,85,3369.59,922.86,189.71,29.93,15.86,2.25
2023/07/24T21:19:20z,a8:48:fa:ca:a1:15,7.02,2.0+OPENLOG+15980 MB+DS3231+BME280+PMSX003-B+PMSX003-A,90,54,71,995.89,0.02,17840,-75,204528,20.59,31.53,39.49,19.92,30.61,39.43,93,91,3537.73,1030.18,228.82,32.10,3.84,3.10,18.21,27.91,39.41,18.12,27.66,39.20,85,84,3280.23,895.70,189.23,34.36,17.50,2.46
2023/07/24T21:21:20z,a8:48:fa:ca:a1:15,7.02,2.0+OPENLOG+15980 MB+DS3231+BME280+PMSX003-B+PMSX003-A,90,54,71,995.86,0.02,17840,-76,204648,20.51,30.13,36.84,20.02,29.67,36.84,90,89,3486.98,1016.78,214.78,23.45,3.71,2.91,18.85,28.52,39.41,18.74,28.48,39.41,86,86,3354.72,936.02,191.46,29.22,14.81,5.33
2023/07/24T21:23:20z,a8:48:fa:ca:a1:15,7.02,2.0+OPENLOG+15980 MB+DS3231+BME280+PMSX003-B+PMSX003-A,90,54,71,995.85,0.02,17840,-75,204768,20.57,31.63,38.46,20.02,30.63,38.43,93,91,3477.33,1018.56,230.91,30.39,3.70,2.52,18.80,29.31,34.96,18.78,29.09,34.96,88,87,3430.85,949.09,188.75,22.69,7.45,2.18
2023/07/24T21:25:20z,a8:48:fa:ca:a1:15,7.02,2.0+OPENLOG+15980 MB+DS3231+BME280+PMSX003-B+PMSX003-A,90,54,71,995.85,0.02,17840,-76,204888,20.04,30.44,37.63,19.72,29.87,37.63,90,89,3425.78,987.52,227.63,27.26,4.67,3.96,18.61,28.63,41.16,18.53,28.26,41.00,86,86,3359.05,923.68,207.02,33.26,17.12,4.81
2023/07/24T21:27:20z,a8:48:fa:ca:a1:15,7.02,2.0+OPENLOG+15980 MB+DS3231+BME280+PMSX003-B+PMSX003-A,90,54,71,995.85,0.02,17840,-75,205008,20.62,31.33,34.13,20.13,30.47,34.13,92,90,3465.00,1006.29,224.31,16.69,3.93,1.85,18.48,28.11,41.50,18.39,28.00,41.43,85,85,3371.62,926.38,196.98,34.82,19.71,4.14
2023/07/24T21:29:20z,a8:48:fa:ca:a1:15,7.02,2.0+OPENLOG+15980 MB+DS3231+BME280+PMSX003-B+PMSX003-A,90,54,71,995.83,0.02,17840,-75,205128,22.00,32.67,36.41,20.94,31.26,36.28,95,92,3686.33,1061.02,227.96,19.19,2.63,1.37,19.47,28.71,33.22,19.36,28.71,33.22,87,87,3393.72,941.71,177.43,22.41,5.79,1.86
2023/07/24T21:31:20z,a8:48:fa:ca:a1:15,7.02,2.0+OPENLOG+15980 MB+DS3231+BME280+PMSX003-B+PMSX003-A,90,54,71,995.83,0.02,17840,-76,205248,20.51,30.60,35.40,19.69,29.76,35.36,91,89,3526.20,1012.87,216.73,23.24,3.13,1.49,20.02,30.02,43.81,19.63,29.33,43.33,89,88,3566.78,985.09,215.76,34.48,20.93,4.56
2023/07/24T21:33:20z,a8:48:fa:ca:a1:15,7.02,2.0+OPENLOG+15980 MB+DS3231+BME280+PMSX003-B+PMSX003-A,90,54,71,995.86,0.02,17840,-75,205368,19.66,30.05,34.05,19.33,29.40,34.05,89,88,3420.41,988.34,210.16,22.33,1.55,0.79,19.39,28.66,40.64,19.21,28.48,40.52,86,86,3507.00,953.02,193.50,32.93,16.36,4.00
2023/07/24T21:35:20z,a8:48:fa:ca:a1:15,7.02,2.0+OPENLOG+15980 MB+DS3231+BME280+PMSX003-B+PMSX003-A,90,54,71,995.88,0.02,17840,-75,205488,20.94,30.62,35.52,20.22,30.08,35.42,91,90,3559.68,1025.62,223.24,21.12,2.28,1.20,19.16,29.60,37.22,19.07,29.26,37.22,89,88,3335.07,936.47,207.64,23.83,9.79,4.66
2023/07/24T21:37:20z,a8:48:fa:ca:a1:15,7.02,2.0+OPENLOG+15980 MB+DS3231+BME280+PMSX003-B+PMSX003-A,90,54,71,995.86,0.02,17840,-75,205608,21.02,32.45,38.76,20.27,31.05,38.71,95,92,3628.09,1045.40,237.36,27.67,4.36,2.40,19.72,30.42,42.32,19.65,29.77,41.96,90,89,3559.95,978.12,207.32,34.91,16.53,3.51
2023/07/24T21:39:20z,a8:48:fa:ca:a1:15,7.02,2.0+OPENLOG+15980 MB+DS3231+BME280+PMSX003-B+PMSX003-A,90,54,71,995.88,0.02,17840,-76,205728,20.94,31.19,39.11,20.28,30.44,38.94,92,90,3571.72,1042.43,233.89,26.63,5.63,3.74,20.66,29.41,41.46,20.23,29.05,41.21,88,87,3630.43,993.45,194.41,29.86,15.57,5.18
2023/07/24T21:41:20z,a8:48:fa:ca:a1:15,7.02,2.0+OPENLOG+15980 MB+DS3231+BME280+PMSX003-B+PMSX003-A,90,54,71,995.81,0.02,17840,-76,205848,20.85,30.71,38.89,20.09,30.04,38.80,91,89,3501.82,1021.25,229.51,30.27,5.02,3.82,20.54,30.38,44.66,20.07,29.70,44.36,90,89,3685.07,1012.20,207.96,36.21,20.36,4.64
2023/07/24T21:43:20z,a8:48:fa:ca:a1:15,7.02,2.0+OPENLOG+15980 MB+DS3231+BME280+PMSX003-B+PMSX003-A,90,54,71,995.78,0.02,17840,-75,205968,20.59,29.65,32.87,19.94,29.24,32.87,89,88,3463.94,1000.19,200.11,17.30,3.33,1.78,19.61,29.20,39.64,19.34,28.92,39.56,88,87,3514.22,970.46,183.61,30.00,13.97,4.75
2023/07/24T21:45:20z,a8:48:fa:ca:a1:15,7.02,2.0+OPENLOG+15980 MB+DS3231+BME280+PMSX003-B+PMSX003-A,90,54,71,995.77,0.02,17840,-75,206088,21.04,30.11,35.31,20.24,29.70,35.31,90,89,3513.28,1015.52,206.37,19.04,5.70,2.78,19.59,29.33,39.71,19.47,29.10,39.48,88,87,3501.16,964.40,186.24,31.86,14.55,3.72
2023/07/24T21:47:20z,a8:48:fa:ca:a1:15,7.02,2.0+OPENLOG+15980 MB+DS3231+BME280+PMSX003-B+PMSX003-A,90,54,71,995.88,0.02,17840,-75,206208,20.82,30.71,34.73,20.16,30.02,34.73,91,89,3500.95,1012.32,216.21,16.18,3.29,2.07,19.19,28.90,39.63,19.00,28.73,39.52,87,87,3466.10,933.21,195.37,30.42,15.38,3.69
2023/07/24T21:49:20z,a8:48:fa:ca:a1:15,7.02,2.0+OPENLOG+15980 MB+DS3231+BME280+PMSX003-B+PMSX003-A,90,54,71,995.82,0.02,17840,-76,206328,21.27,32.76,38.84,20.36,31.29,38.84,95,92,3567.49,1042.98,230.64,33.11,3.05,1.27,19.49,29.26,35.11,19.30,29.00,35.11,88,87,3510.74,955.02,191.61,21.40,5.82,4.00
2023/07/24T21:51:20z,a8:48:fa:ca:a1:15,7.02,2.0+OPENLOG+15980 MB+DS3231+BME280+PMSX003-B+PMSX003-A,90,54,71,995.80,0.02,17840,-75,206448,21.98,32.60,39.60,20.91,31.27,39.51,95,92,3648.44,1067.49,233.62,28.76,3.60,2.29,20.48,29.26,36.14,20.00,29.00,36.10,88,87,3511.14,969.62,199.88,20.79,8.55,3.07
2023/07/24T21:53:20z,a8:48:fa:ca:a1:15,7.02,2.0+OPENLOG+15980 MB+DS3231+BME280+PMSX003-B+PMSX003-A,90,54,71,995.80,0.02,17840,-75,206568,20.89,31.36,37.08,20.17,30.47,37.08,92,90,3563.60,1027.98,216.28,27.96,2.11,1.36,19.98,29.65,38.49,19.60,29.19,38.39,89,88,3513.16,963.46,189.51,28.42,13.12,2.81
2023/07/24T21:55:20z,a8:48:fa:ca:a1:15,7.02,2.0+OPENLOG+15980 MB+DS3231+BME280+PMSX003-B+PMSX003-A,90,54,71,995.75,0.02,17840,-75,206688,21.80,31.65,36.64,20.75,30.60,36.64,93,91,3653.67,1059.02,221.87,20.25,3.53,2.65,19.77,28.79,37.93,19.49,28.56,37.86,87,86,3494.95,971.89,187.39,25.16,11.09,5.09
2023/07/24T21:57:20z,a8:48:fa:ca:a1:15,7.02,2.0+OPENLOG+15980 MB+DS3231+BME280+PMSX003-B+PMSX003-A,90,54,71,995.76,0.02,17840,-75,206808,21.02,30.89,34.79,20.23,30.04,34.79,91,89,3581.73,1029.96,215.50,20.25,2.82,2.82,20.46,29.02,38.41,19.96,28.73,38.36,87,87,3615.54,991.96,181.80,24.00,12.86,3.64
2023/07/24T21:59:20z,a8:48:fa:ca:a1:15,7.02,2.0+OPENLOG+15980 MB+DS3231+BME280+PMSX003-B+PMSX003-A,90,54,71,995.75,0.02,17840,-75,206928,21.14,31.18,38.32,20.34,30.36,38.32,92,90,3527.73,1017.43,217.71,30.75,3.04,2.25,20.04,29.62,41.00,19.71,29.33,40.80,89,88,3586.42,987.44,196.75,31.35,16.29,3.45
2023/07/24T22:01:20z,a8:48:fa:ca:a1:15,7.02,2.0+OPENLOG+15980 MB+DS3231+BME280+PMSX003-B+PMSX003-A,90,54,71,995.80,0.02,17840,-75,207048,21.57,31.00,37.58,20.77,30.19,37.58,91,90,3592.47,1045.72,211.98,25.81,4.57,2.79,19.11,28.14,37.79,19.02,28.02,37.74,85,85,3443.21,933.98,179.46,28.74,13.33,3.47
2023/07/24T22:03:20z,a8:48:fa:ca:a1:15,7.02,2.0+OPENLOG+15980 MB+DS3231+BME280+PMSX003-B+PMSX003-A,90,54,71,995.81,0.02,17672,-76,207169,22.25,32.27,38.49,21.15,31.07,38.45,94,92,3735.76,1078.69,231.18,24.80,2.84,2.00,19.96,29.00,39.43,19.74,28.74,39.31,87,87,3516.06,961.15,197.26,28.96,14.63,2.96
2023/07/24T22:05:20z,a8:48:fa:ca:a1:15,7.02,2.0+OPENLOG+15980 MB+DS3231+BME280+PMSX003-B+PMSX003-A,90,54,71,995.86,0.02,17672,-76,207289,21.35,30.59,36.57,20.55,29.96,36.57,91,89,3582.00,1024.57,211.27,24.35,3.45,2.24,19.72,29.65,39.81,19.67,29.19,39.72,89,88,3470.95,964.21,202.35,28.28,14.88,3.16
2023/07/24T22:07:20z,a8:48:fa:ca:a1:15,7.02,2.0+OPENLOG+15980 MB+DS3231+BME280+PMSX003-B+PMSX003-A,90,54,71,995.85,0.02,17840,-76,207409,21.27,30.93,36.44,20.38,30.24,36.44,91,90,3642.49,1049.25,215.71,21.31,3.53,3.20,19.52,29.00,35.98,19.40,28.78,35.98,87,87,3482.74,953.34,193.33,22.34,9.45,3.59
2023/07/24T22:09:20z,a8:48:fa:ca:a1:15,7.02,2.0+OPENLOG+15980 MB+DS3231+BME280+PMSX003-B+PMSX003-A,90,54,71,995.83,0.02,17840,-75,207529,20.89,29.69,36.35,20.13,29.27,36.35,89,88,3516.44,1015.09,217.84,24.18,2.55,1.93,18.84,28.56,37.87,18.84,28.22,37.87,86,86,3394.91,935.13,186.11,29.13,12.40,2.80
2023/07/24T22:11:20z,a8:48:fa:ca:a1:15,7.02,2.0+OPENLOG+15980 MB+DS3231+BME280+PMSX003-B+PMSX003-A,90,54,71,995.84,0.02,17840,-76,207649,19.87,29.62,34.93,19.49,29.24,34.93,89,88,3342.11,959.16,205.73,27.75,2.91,1.56,20.00,29.61,35.46,19.71,29.27,35.46,89,88,3543.54,974.05,186.98,24.57,6.89,1.00
2023/07/24T22:13:20z,a8:48:fa:ca:a1:15,7.02,2.0+OPENLOG+15980 MB+DS3231+BME280+PMSX003-B+PMSX003-A,90,54,71,995.81,0.02,17840,-75,207769,21.11,30.95,38.93,20.27,30.11,38.89,91,90,3515.40,1027.62,210.96,30.82,4.95,3.67,19.41,28.00,36.12,19.24,27.93,36.02,85,85,3433.97,946.93,179.64,23.48,10.66,2.97
2023/07/24T22:15:20z,a8:48:fa:ca:a1:15,7.02,2.0+OPENLOG+15980 MB+DS3231+BME280+PMSX003-B+PMSX003-A,90,54,71,995.84,0.02,17840,-75,207889,20.35,30.06,37.56,19.73,29.48,37.56,89,88,3494.25,1014.15,221.98,25.65,4.00,2.42,19.18,28.04,35.35,19.14,28.04,35.35,85,85,3361.95,929.47,170.33,22.81,8.46,5.16
2023/07/24T22:17:20z,a8:48:fa:ca:a1:15,7.02,2.0+OPENLOG+15980 MB+DS3231+BME280+PMSX003-B+PMSX003-A,90,54,71,995.83,0.02,17840,-76,208009,20.83,30.20,36.54,20.17,29.78,36.54,90,89,3492.89,1005.31,213.09,25.41,4.19,3.15,18.05,26.85,35.60,18.05,26.85,35.60,83,83,3272.13,884.47,180.80,25.31,12.22,3.20
2023/07/24T22:19:20z,a8:48:fa:ca:a1:15,7.02,2.0+OPENLOG+15980 MB+DS3231+BME280+PMSX003-B+PMSX003-A,90,54,71,995.83,0.02,17840,-75,208129,20.54,31.29,39.52,19.96,30.41,39.43,92,90,3480.80,1019.64,225.45,34.11,4.86,3.36,19.69,29.96,40.38,19.44,29.22,40.38,89,88,3479.45,955.27,203.55,31.13,15.67,3.45
2023/07/24T22:21:20z,a8:48:fa:ca:a1:15,7.02,2.0+OPENLOG+15980 MB+DS3231+BME280+PMSX003-B+PMSX003-A,90,54,71,995.79,0.02,17840,-75,208249,20.53,30.66,36.55,19.94,29.94,36.55,91,89,3439.58,1008.89,222.60,25.17,3.47,2.08,19.42,28.77,37.60,19.25,28.47,37.52,87,86,3471.60,939.95,181.05,29.47,12.23,2.43
2023/07/24T22:23:20z,a8:48:fa:ca:a1:15,7.02,2.0+OPENLOG+15980 MB+DS3231+BME280+PMSX003-B+PMSX003-A,90,54,71,995.85,0.02,17840,-76,208369,20.56,31.62,38.34,19.76,30.54,38.34,93,90,3531.84,1020.52,230.20,28.92,3.48,2.04,19.65,27.46,35.14,19.40,27.35,35.14,84,84,3440.95,939.39,174.67,23.23,10.32,2.07
2023/07/24T22:25:20z,a8:48:fa:ca:a1:15,7.02,2.0+OPENLOG+15980 MB+DS3231+BME280+PMSX003-B+PMSX003-A,90,54,71,995.91,0.02,17840,-76,208489,21.96,31.96,37.33,20.84,30.82,37.33,94,91,3582.27,1047.33,217.36,25.18,3.96,2.25,19.47,28.98,38.23,19.23,28.65,38.21,87,86,3507.63,957.44,195.33,26.46,12.56,2.39
2023/07/24T22:27:20z,a8:48:fa:ca:a1:15,7.02,2.0+OPENLOG+15980 MB+DS3231+BME280+PMSX003-B+PMSX003-A,90,54,71,995.88,0.02,17840,-76,208609,21.58,31.68,37.78,20.69,30.78,37.76,93,91,3645.92,1053.32,228.61,22.93,5.25,3.97,19.92,29.90,41.48,19.50,29.40,41.37,89,88,3570.87,977.54,198.21,33.23,17.15,3.27
2023/07/24T22:29:20z,a8:48:fa:ca:a1:15,7.02,2.0+OPENLOG+15980 MB+DS3231+BME280+PMSX003-B+PMSX003-A,90,54,71,995.85,0.02,17840,-75,208729,21.89,32.57,37.98,20.83,31.17,37.98,95,92,3728.00,1079.20,239.91,23.04,3.07,2.22,19.84,29.84,39.25,19.36,29.29,39.24,89,88,3460.31,954.25,207.15,29.38,13.31,1.60
2023/07/24T22:31:20z,a8:48:fa:ca:a1:15,7.02,2.0+OPENLOG+15980 MB+DS3231+BME280+PMSX003-B+PMSX003-A,90,54,71,995.83,0.02,17840,-76,208849,22.92,34.49,42.47,21.58,32.51,42.13,99,95,3790.02,1107.32,253.08,30.55,6.15,4.53,20.82,31.95,42.32,20.00,31.02,41.96,93,92,3674.32,1016.82,213.26,32.11,12.88,5.89
2023/07/24T22:33:20z,a8:48:fa:ca:a1:15,7.02,2.0+OPENLOG+15980 MB+DS3231+BME280+PMSX003-B+PMSX003-A,90,54,71,995.84,0.02,17840,-75,208969,21.84,32.75,36.29,20.84,31.40,36.29,95,92,3668.89,1058.64,221.31,20.65,2.47,1.85,19.62,29.96,41.91,19.47,29.56,41.40,89,88,3470.35,968.56,200.42,34.98,17.02,4.07
2023/07/24T22:35:20z,a8:48:fa:ca:a1:15,7.02,2.0+OPENLOG+15980 MB+DS3231+BME280+PMSX003-B+PMSX003-A,90,54,71,995.85,0.02,17840,-75,209089,22.56,33.31,38.87,21.18,31.58,38.35,96,93,3856.42,1112.15,240.15,25.89,2.80,1.35,21.20,30.75,39.15,20.29,30.09,39.05,91,90,3699.71,1005.64,192.53,26.91,10.58,3.75
2023/07/24T22:37:20z,a8:48:fa:ca:a1:15,7.02,2.0+OPENLOG+15980 MB+DS3231+BME280+PMSX003-B+PMSX003-A,90,54,71,995.88,0.02,17840,-76,209209,22.18,33.25,41.33,20.89,31.61,40.79,96,93,3776.42,1097.04,246.46,28.54,5.86,4.77,21.86,31.25,39.12,20.95,30.48,39.11,92,90,3772.82,1037.45,195.04,22.50,11.04,3.57
2023/07/24T22:39:20z,a8:48:fa:ca:a1:15,7.02,2.0+OPENLOG+15980 MB+DS3231+BME280+PMSX003-B+PMSX003-A,90,54,71,995.84,0.02,17840,-75,209329,23.79,33.87,41.52,22.04,32.12,41.52,98,94,3842.77,1126.40,240.40,27.96,4.50,3.96,21.18,32.38,40.55,20.48,31.27,40.38,94,92,3696.59,1030.86,204.82,32.39,10.50,2.68
2023/07/24T22:41:20z,a8:48:fa:ca:a1:15,7.02,2.0+OPENLOG+15980 MB+DS3231+BME280+PMSX003-B+PMSX003-A,90,54,71,995.84,0.02,17840,-76,209449,23.09,34.69,42.98,21.56,32.54,42.67,99,95,3882.89,1130.43,245.61,30.26,8.41,5.30,21.39,32.21,41.16,20.51,31.25,40.63,94,92,3773.89,1051.26,202.88,28.88,12.18,3.86
2023/07/24T22:43:20z,a8:48:fa:ca:a1:15,7.02,2.0+OPENLOG+15980 MB+DS3231+BME280+PMSX003-B+PMSX003-A,90,54,71,995.83,0.02,17840,-76,209569,22.53,33.26,39.30,21.25,31.61,39.30,96,93,3765.47,1104.61,240.09,25.98,3.16,1.40,21.07,31.07,39.06,20.39,30.35,38.98,92,90,3738.72,1030.35,199.72,23.96,11.41,1.78
2023/07/24T22:45:20z,a8:48:fa:ca:a1:15,7.02,2.0+OPENLOG+15980 MB+DS3231+BME280+PMSX003-B+PMSX003-A,90,54,71,995.83,0.02,17840,-76,209689,23.16,33.47,38.96,21.79,31.77,38.96,97,93,3751.16,1102.04,233.19,22.98,4.11,2.07,21.17,32.06,41.76,20.43,31.04,41.46,94,92,3649.22,1023.44,210.30,31.89,12.26,3.33
2023/07/24T22:47:20z,a8:48:fa:ca:a1:15,7.02,2.0+OPENLOG+15980 MB+DS3231+BME280+PMSX003-B+PMSX003-A,90,54,71,995.76,0.02,17840,-76,209809,21.69,33.25,38.19,20.58,31.52,38.19,96,93,3679.90,1073.42,235.67,26.81,1.35,0.92,20.31,29.40,38.33,19.91,29.09,38.28,88,87,3603.21,986.72,195.41,25.45,12.24,1.41
2023/07/24T22:49:20z,a8:48:fa:ca:a1:15,7.02,2.0+OPENLOG+15980 MB+DS3231+BME280+PMSX003-B+PMSX003-A,90,54,71,995.76,0.02,17840,-75,209929,21.26,32.28,37.52,20.39,31.11,37.52,94,92,3667.17,1059.02,226.67,27.19,2.37,1.81,21.20,31.16,39.77,20.36,30.38,39.70,92,90,3666.11,1019.45,202.73,27.75,12.11,2.32
2023/07/24T22:51:20z,a8:48:fa:ca:a1:15,7.02,2.0+OPENLOG+15980 MB+DS3231+BME280+PMSX003-B+PMSX003-A,90,54,71,995.75,0.02,17840,-76,210049,21.77,32.91,37.21,20.75,31.41,37.21,96,92,3671.57,1075.68,233.84,20.57,4.11,1.21,21.36,31.04,44.64,20.60,30.31,44.25,92,90,3799.53,1045.27,210.87,32.07,17.78,6.87
2023/07/24T22:53:20z,a8:48:fa:ca:a1:15,7.02,2.0+OPENLOG+15980 MB+DS3231+BME280+PMSX003-B+PMSX003-A,90,54,71,995.66,0.02,17840,-76,210169,22.41,33.91,42.24,21.26,32.00,41.87,98,94,3796.22,1105.85,251.56,31.56,5.63,4.56,21.07,31.50,41.52,20.46,30.74,41.43,93,91,3799.78,1049.09,215.11,25.63,14.07,4.74
2023/07/24T22:55:20z,a8:48:fa:ca:a1:15,7.02,2.0+OPENLOG+15980 MB+DS3231+BME280+PMSX003-B+PMSX003-A,90,55,71,995.69,0.02,17840,-75,210289,21.93,31.98,36.81,20.87,30.74,36.78,94,91,3645.61,1055.30,226.80,20.74,4.07,2.93,20.72,31.93,42.54,20.02,30.84,42.14,93,91,3678.53,1015.46,216.77,33.79,15.58,2.28
2023/07/24T22:57:20z,a8:48:fa:ca:a1:15,7.02,2.0+OPENLOG+15980 MB+DS3231+BME280+PMSX003-B+PMSX003-A,90,55,71,995.66,0.02,17840,-75,210409,22.74,32.78,38.67,21.39,31.41,38.65,95,92,3798.50,1104.80,229.44,25.44,2.70,2.22,21.28,31.52,43.10,20.34,30.72,42.62,93,91,3697.45,1027.95,205.79,35.62,16.55,2.83
2023/07/24T22:59:20z,a8:48:fa:ca:a1:15,7.02,2.0+OPENLOG+15980 MB+DS3231+BME280+PMSX003-B+PMSX003-A,90,55,71,995.68,0.02,17840,-75,210529,23.54,35.82,42.32,21.70,33.29,41.91,103,96,4003.55,1157.05,250.52,28.93,5.43,4.43,21.91,31.30,40.95,20.96,30.48,40.79,92,90,3828.21,1042.57,200.07,29.00,11.50,5.82
2023/07/24T23:01:20z,a8:48:fa:ca:a1:15,7.02,2.0+OPENLOG+15980 MB+DS3231+BME280+PMSX003-B+PMSX003-A,90,55,71,995.69,0.02,17840,-75,210649,22.28,32.59,38.40,21.09,31.29,38.28,95,92,3749.02,1077.67,223.14,25.48,3.31,2.83,20.39,30.39,37.56,20.00,30.04,37.52,90,89,3581.67,978.81,197.07,25.56,8.67,3.26
2023/07/24T23:03:21z,a8:48:fa:ca:a1:15,7.02,2.0+OPENLOG+15980 MB+DS3231+BME280+PMSX003-B+PMSX003-A,90,55,71,995.70,0.02,17672,-76,210770,22.07,32.20,34.27,21.00,31.04,34.27,94,92,3642.64,1047.91,217.00,13.21,2.39,2.29,19.76,30.50,38.05,19.52,29.69,38.05,90,89,3485.90,965.33,196.16,28.83,9.48,3.41
2023/07/24T23:05:21z,a8:48:fa:ca:a1:15,7.02,2.0+OPENLOG+15980 MB+DS3231+BME280+PMSX003-B+PMSX003-A,90,55,71,995.74,0.02,17672,-75,210890,22.33,33.42,39.35,21.11,31.74,39.33,97,93,3752.16,1088.12,240.96,28.04,2.35,1.23,19.85,30.25,41.72,19.51,29.87,41.23,90,89,3582.68,988.98,207.26,30.26,15.81,4.72
2023/07/24T23:07:21z,a8:48:fa:ca:a1:15,7.02,2.0+OPENLOG+15980 MB+DS3231+BME280+PMSX003-B+PMSX003-A,90,55,71,995.70,0.02,17840,-76,211010,21.93,32.78,39.40,20.95,31.36,39.40,95,92,3760.80,1088.69,230.15,25.45,4.07,2.76,20.91,31.28,41.72,20.33,30.32,41.63,92,90,3710.74,1017.25,204.39,32.14,14.14,2.84
2023/07/24T23:09:21z,a8:48:fa:ca:a1:15,7.02,2.0+OPENLOG+15980 MB+DS3231+BME280+PMSX003-B+PMSX003-A,90,55,71,995.69,0.02,17840,-76,211130,21.85,34.40,39.50,20.75,32.19,39.42,99,94,3735.58,1085.00,236.48,33.79,2.31,1.73,21.57,32.55,42.79,20.66,31.19,42.52,95,92,3794.43,1059.19,218.26,27.90,14.34,3.90
2023/07/24T23:11:21z,a8:48:fa:ca:a1:15,7.02,2.0+OPENLOG+15980 MB+DS3231+BME280+PMSX003-B+PMSX003-A,90,55,71,995.64,0.02,17840,-75,211250,21.54,32.02,37.40,20.60,30.77,37.40,94,91,3725.54,1062.52,238.38,24.73,3.23,2.58,20.58,31.02,40.77,19.98,30.14,40.28,92,90,3710.95,1018.65,204.30,30.35,12.95,3.09
2023/07/24T23:13:21z,a8:48:fa:ca:a1:15,7.02,2.0+OPENLOG+15980 MB+DS3231+BME280+PMSX003-B+PMSX003-A,90,55,71,995.63,0.02,17840,-76,211370,22.07,32.87,38.53,21.16,31.38,38.53,95,92,3730.85,1074.24,237.42,21.60,5.38,3.56,21.22,31.05,41.60,20.40,30.31,41.40,92,90,3661.64,1014.65,206.31,30.00,14.80,3.27
2023/07/24T23:15:21z,a8:48:fa:ca:a1:15,7.02,2.0+OPENLOG+15980 MB+DS3231+BME280+PMSX003-B+PMSX003-A,90,55,71,995.61,0.02,17840,-75,211490,21.16,31.16,35.96,20.32,30.23,35.96,92,90,3582.84,1028.18,217.96,19.51,5.26,3.40,19.64,30.11,44.69,19.49,29.55,43.98,90,88,3490.58,972.95,207.24,39.75,20.98,4.87
2023/07/24T23:17:21z,a8:48:fa:ca:a1:15,7.02,2.0+OPENLOG+15980 MB+DS3231+BME280+PMSX003-B+PMSX003-A,90,55,71,995.63,0.02,17840,-76,211610,20.79,30.19,34.28,20.17,29.60,34.28,90,89,3512.83,1009.28,209.02,20.11,2.26,1.85,19.74,29.83,39.81,19.41,29.39,39.81,89,88,3520.28,969.20,197.83,30.74,14.26,2.22
2023/07/24T23:19:21z,a8:48:fa:ca:a1:15,7.02,2.0+OPENLOG+15980 MB+DS3231+BME280+PMSX003-B+PMSX003-A,90,54,71,995.60,0.02,17840,-76,211730,20.87,31.48,34.79,20.08,30.42,34.79,93,90,3611.37,1036.33,221.08,20.50,2.19,1.77,19.43,29.61,41.32,19.36,29.25,41.00,89,88,3501.70,967.57,200.95,33.29,14.75,6.29
2023/07/24T23:21:21z,a8:48:fa:ca:a1:15,7.02,2.0+OPENLOG+15980 MB+DS3231+BME280+PMSX003-B+PMSX003-A,90,54,71,995.61,0.02,17840,-75,211850,21.05,32.29,38.29,20.36,31.10,38.26,94,92,3602.64,1041.12,235.69,27.62,2.86,2.03,20.27,30.15,41.07,19.96,29.53,40.91,90,88,3551.18,981.87,202.62,31.35,15.45,4.29
2023/07/24T23:23:21z,a8:48:fa:ca:a1:15,7.02,2.0+OPENLOG+15980 MB+DS3231+BME280+PMSX003-B+PMSX003-A,90,54,71,995.60,0.02,17840,-76,211970,20.90,31.76,39.98,20.00,30.45,39.67,93,90,3674.12,1063.47,241.34,28.05,6.55,4.00,19.46,29.48,36.13,19.22,29.15,36.04,88,88,3386.89,951.35,188.67,24.04,8.04,3.00
2023/07/24T23:25:21z,a8:48:fa:ca:a1:15,7.02,2.0+OPENLOG+15980 MB+DS3231+BME280+PMSX003-B+PMSX003-A,90,54,71,995.56,0.02,17840,-75,212090,19.61,30.20,35.30,19.11,29.43,35.30,90,88,3400.88,983.75,209.27,25.64,2.96,2.18,19.96,29.54,38.35,19.70,29.12,38.25,88,87,3479.21,949.07,190.44,29.82,11.82,2.67
2023/07/24T23:27:21z,a8:48:fa:ca:a1:15,7.02,2.0+OPENLOG+15980 MB+DS3231+BME280+PMSX003-B+PMSX003-A,90,54,71,995.62,0.02,17840,-75,212210,20.25,29.35,33.73,19.79,29.08,33.73,88,87,3417.12,990.85,202.50,19.27,2.88,1.73,19.81,29.09,40.33,19.52,28.93,40.33,87,87,3513.57,969.81,201.50,27.86,16.45,3.62
2023/07/24T23:29:21z,a8:48:fa:ca:a1:15,7.02,2.0+OPENLOG+15980 MB+DS3231+BME280+PMSX003-B+PMSX003-A,90,54,71,995.60,0.02,17840,-75,212330,20.05,29.02,36.29,19.55,28.73,36.29,87,87,3393.98,982.36,204.47,27.49,4.00,2.47,19.73,29.02,39.38,19.41,28.89,39.16,87,87,3471.00,961.80,192.96,28.93,13.79,2.82
2023/07/24T23:31:21z,a8:48:fa:ca:a1:15,7.02,2.0+OPENLOG+15980 MB+DS3231+BME280+PMSX003-B+PMSX003-A,90,54,71,995.60,0.02,17840,-75,212450,21.23,31.47,38.42,20.47,30.55,38.42,92,91,3602.43,1033.26,219.58,30.23,3.74,3.02,19.46,28.43,35.54,19.23,28.32,35.54,86,86,3403.50,935.21,192.59,22.89,9.89,2.07
2023/07/24T23:33:21z,a8:48:fa:ca:a1:15,7.02,2.0+OPENLOG+15980 MB+DS3231+BME280+PMSX003-B+PMSX003-A,90,54,71,995.62,0.02,17840,-76,212570,20.34,30.55,35.66,19.91,30.02,35.66,91,89,3429.62,998.70,218.06,24.04,1.92,0.53,19.74,28.05,38.18,19.33,27.86,38.14,85,85,3509.74,962.25,189.86,24.88,14.53,3.30
2023/07/24T23:35:21z,a8:48:fa:ca:a1:15,7.02,2.0+OPENLOG+15980 MB+DS3231+BME280+PMSX003-B+PMSX003-A,90,54,71,995.53,0.02,17840,-75,212690,19.44,29.61,35.81,19.35,29.13,35.81,89,87,3425.56,989.17,223.67,24.78,3.41,2.30,19.78,28.71,38.92,19.61,28.58,38.83,87,86,3438.10,955.97,199.20,26.27,14.44,4.07
2023/07/24T23:37:21z,a8:48:fa:ca:a1:15,7.02,2.0+OPENLOG+15980 MB+DS3231+BME280+PMSX003-B+PMSX003-A,90,54,71,995.55,0.02,17840,-76,212810,20.75,31.70,37.84,20.11,30.73,37.84,93,91,3523.12,1027.45,237.82,25.50,3.54,2.96,19.09,29.09,38.65,19.05,28.89,38.47,87,87,3460.53,957.72,192.74,29.05,12.39,4.04
2023/07/24T23:39:21z,a8:48:fa:ca:a1:15,7.02,2.0+OPENLOG+15980 MB+DS3231+BME280+PMSX003-B+PMSX003-A,90,54,71,995.52,0.02,17840,-76,212930,20.52,30.37,36.81,19.83,29.87,36.81,90,89,3420.17,994.96,221.50,26.59,4.07,2.89,19.70,28.86,34.32,19.30,28.48,34.27,87,86,3413.20,957.29,183.68,21.14,6.50,2.61
2023/07/24T23:41:21z,a8:48:fa:ca:a1:15,7.02,2.0+OPENLOG+15980 MB+DS3231+BME280+PMSX003-B+PMSX003-A,90,54,71,995.52,0.02,17840,-75,213050,20.18,31.53,35.09,19.76,30.60,35.09,93,91,3518.78,1002.13,219.64,24.47,1.78,1.02,18.88,28.25,36.16,18.74,28.09,36.07,86,85,3339.32,919.81,195.04,22.70,10.11,3.19
2023/07/24T23:43:21z,a8:48:fa:ca:a1:15,7.02,2.0+OPENLOG+15980 MB+DS3231+BME280+PMSX003-B+PMSX003-A,90,54,71,995.55,0.02,17840,-76,213170,20.78,30.37,36.14,19.98,29.71,36.14,90,89,3564.00,1028.35,211.35,25.18,3.65,2.39,20.21,29.93,41.42,19.74,29.35,41.28,89,88,3503.21,973.49,197.61,35.51,16.18,1.96
2023/07/24T23:45:21z,a8:48:fa:ca:a1:15,7.02,2.0+OPENLOG+15980 MB+DS3231+BME280+PMSX003-B+PMSX003-A,90,54,71,995.58,0.02,17840,-75,213290,20.88,30.47,37.67,20.14,29.75,37.67,90,89,3643.88,1039.33,218.71,27.37,3.65,2.51,19.52,28.36,35.38,19.40,28.12,35.36,86,85,3404.43,926.72,169.88,26.14,9.34,2.41
2023/07/24T23:47:21z,a8:48:fa:ca:a1:15,7.02,2.0+OPENLOG+15980 MB+DS3231+BME280+PMSX003-B+PMSX003-A,90,54,71,995.60,0.02,17840,-76,213410,21.71,33.02,40.39,20.68,31.55,40.34,96,93,3620.62,1057.93,241.93,30.46,4.00,2.93,19.22,28.15,34.11,19.13,28.05,34.11,85,85,3404.73,925.64,195.15,20.51,7.24,1.82
2023/07/24T23:49:21z,a8:48:fa:ca:a1:15,7.02,2.0+OPENLOG+15980 MB+DS3231+BME280+PMSX003-B+PMSX003-A,90,54,71,995.57,0.02,17840,-76,213530,21.16,30.71,36.16,20.35,30.04,36.16,91,89,3501.65,1022.76,215.38,21.96,4.33,3.13,19.84,30.18,41.36,19.57,29.55,41.16,90,88,3545.52,968.77,201.68,34.43,16.64,2.54
2023/07/24T23:51:21z,a8:48:fa:ca:a1:15,7.02,2.0+OPENLOG+15980 MB+DS3231+BME280+PMSX003-B+PMSX003-A,90,54,71,995.60,0.02,17840,-76,213650,21.19,30.74,35.74,20.30,30.00,35.74,91,89,3556.08,1033.57,225.38,18.68,4.68,3.25,19.00,29.03,37.50,18.93,28.90,37.41,87,87,3427.76,947.84,186.97,28.97,10.10,3.76
2023/07/24T23:53:21z,a8:48:fa:ca:a1:15,7.02,2.0+OPENLOG+15980 MB+DS3231+BME280+PMSX003-B+PMSX003-A,90,54,71,995.61,0.02,17840,-76,213770,20.39,30.09,36.19,19.83,29.48,36.19,90,88,3461.11,1000.98,220.37,23.22,3.22,2.70,18.75,27.50,37.55,18.67,27.35,37.38,84,84,3391.10,925.55,186.47,26.97,13.73,3.30
2023/07/24T23:55:21z,a8:48:fa:ca:a1:15,7.02,2.0+OPENLOG+15980 MB+DS3231+BME280+PMSX003-B+PMSX003-A,90,54,71,995.62,0.02,17840,-75,213890,21.32,31.46,37.32,20.39,30.55,37.27,92,91,3687.80,1059.11,210.09,22.36,4.57,3.29,19.11,28.11,34.76,19.04,28.07,34.67,85,85,3378.76,926.40,187.58,22.95,8.04,1.64
2023/07/24T23:57:21z,a8:48:fa:ca:a1:15,7.02,2.0+OPENLOG+15980 MB+DS3231+BME280+PMSX003-B+PMSX003-A,90,54,71,995.67,0.02,17840,-76,214010,21.45,32.18,38.02,20.55,30.91,38.02,94,91,3714.27,1073.93,226.07,25.44,3.45,2.55,20.70,32.00,41.30,20.21,30.75,41.30,94,91,3681.16,1012.79,206.61,30.93,13.00,4.00
2023/07/24T23:59:21z,a8:48:fa:ca:a1:15,7.02,2.0+OPENLOG+15980 MB+DS3231+BME280+PMSX003-B+PMSX003-A,90,55,71,995.72,0.02,17840,-76,214130,21.61,32.00,39.78,20.76,30.89,39.78,94,91,3599.83,1044.13,227.63,32.74,4.19,2.19,20.75,31.04,41.00,20.14,30.23,40.74,92,90,3731.26,1011.58,206.21,29.86,13.75,3.58